0 0
0.05 -0.0499791692706783
0.1 -0.0998334166468282
0.15 -0.149438132473599
0.2 -0.198669330795061
0.25 -0.247403959254523
0.3 -0.29552020666134
0.35 -0.342897807455451
0.4 -0.38941834230865
0.45 -0.43496553411123
0.5 -0.479425538604203
0.55 -0.522687228930659
0.6 -0.564642473395035
0.65 -0.60518640573604
0.7 -0.644217687237691
0.75 -0.681638760023334
0.8 -0.717356090899523
0.85 -0.751280405140293
0.9 -0.783326909627484
0.95 -0.813415504789374
1 -0.841470984807897
1.05 -0.867423225594017
1.1 -0.891207360061436
1.15 -0.912763940260521
1.2 -0.932039085967227
1.25 -0.948984619355586
1.3 -0.963558185417193
1.35 -0.975723357826659
1.4 -0.98544972998846
1.45 -0.992712991037589
1.5 -0.997494986604054
1.55 -0.999783764189357
1.6 -0.999573603041505
1.65 -0.996865028453919
1.7 -0.991664810452468
1.75 -0.983985946873937
1.8 -0.973847630878195
1.85 -0.9612752029753
1.9 -0.946300087687414
1.95 -0.928959715003869
2 -0.909297426825681
2.05 -0.887362368633375
2.1 -0.863209366648873
2.15 -0.836898790798497
2.2 -0.80849640381959
2.25 -0.778073196887921
2.3 -0.74570521217672
2.35 -0.711473352790845
2.4 -0.675463180551151
2.45 -0.637764702134504
2.5 -0.598472144103957
2.55 -0.557683717391418
2.6 -0.515501371821465
2.65 -0.472030541289884
2.7 -0.427379880233831
2.75 -0.381660992052333
2.8 -0.334988150155907
2.85 -0.287478012342547
2.9 -0.239249329213985
2.95 -0.19042264736103
3 -0.14112000805987
3.05 -0.0914646422324398
3.1 -0.0415806624332936
3.15 0.00840724736714551
3.2 0.0583741434275765
3.25 0.108195134530105
3.3 0.157745694143245
3.35 0.206901971673396
3.4 0.255541102026827
3.45 0.303541512708425
3.5 0.350783227689616
3.55 0.397148167285956
3.6 0.442520443294848
3.65 0.486786648655695
3.69999999999999 0.529836140908489
3.74999999999999 0.571561318742339
3.79999999999999 0.611857890942715
3.84999999999999 0.650625137065163
3.89999999999999 0.68776615918397
3.94999999999999 0.723188124086508
3.99999999999999 0.756802495307924
4.04999999999999 0.788525254426191
4.09999999999999 0.818277111064407
4.14999999999999 0.845983701075443
4.19999999999999 0.871575772413585
4.24999999999999 0.89498935822858
4.29999999999999 0.916165936749452
4.34999999999999 0.935052577558447
4.39999999999999 0.951602073889514
4.44999999999999 0.965773060620637
4.49999999999999 0.977530117665095
4.54999999999999 0.986843858503235
4.59999999999999 0.993691003633464
4.64999999999999 0.998054438758879
4.69999999999999 0.999923257564101
4.74999999999999 0.999292788975378
4.79999999999999 0.996164608835841
4.84999999999999 0.990546535966714
4.89999999999999 0.982452612624334
4.94999999999999 0.971903069401823
4.99999999999999 0.958924274663141
5.04999999999999 0.94354866863591
5.09999999999999 0.925814682327736
5.14999999999999 0.905766641468709
5.19999999999999 0.883454655720158
5.24999999999999 0.858934493426597
5.29999999999999 0.832267442223907
5.34999999999999 0.803520155852162
5.39999999999999 0.772764487555994
5.44999999999999 0.740077310488902
5.49999999999999 0.7055403255704
5.54999999999999 0.669239857276271
5.59999999999999 0.631266637872331
5.64999999999999 0.591715580631019
5.69999999999999 0.550685542597648
5.74999999999999 0.508279077499269
5.79999999999999 0.464602179413768
5.84999999999999 0.419764017839871
5.89999999999999 0.373876664830248
5.94999999999999 0.327054814869753
5.99999999999999 0.279415498198939
6.04999999999999 0.231077788299405
6.09999999999999 0.182162504272109
6.14999999999999 0.132791908852531
6.19999999999999 0.0830894028175106
6.24999999999999 0.033179216547571
6.29999999999999 -0.0168139004843355
6.34999999999999 -0.0667649915215413
6.39999999999999 -0.116549204850479
6.44999999999999 -0.166042105864942
6.49999999999998 -0.215119988087801
6.54999999999998 -0.263660182372764
6.59999999999998 -0.311541363513363
6.64999999999998 -0.358643853492785
6.69999999999998 -0.404849920616584
6.74999999999998 -0.450044073780603
6.79999999999998 -0.494113351138594
6.84999999999998 -0.536947602447998
6.89999999999998 -0.578439764388186
6.94999999999998 -0.618486128163011
6.99999999999998 -0.656986598718776
7.04999999999998 -0.693844944929752
7.09999999999998 -0.728969040125864
7.14999999999998 -0.7622710923614
7.19999999999998 -0.793667863849142
7.24999999999998 -0.823080879011495
7.29999999999998 -0.850436620628555
7.34999999999998 -0.875666713592874
7.39999999999998 -0.898708095811619
7.44999999999998 -0.919503175828963
7.49999999999998 -0.937999976774732
7.54999999999998 -0.954152266279509
7.59999999999998 -0.967919672031482
7.64999999999998 -0.979267782686196
7.69999999999998 -0.988168233876997
7.74999999999998 -0.994598779111174
7.79999999999998 -0.998543345374604
7.84999999999998 -0.999992073305919
7.89999999999998 -0.998941341839773
7.94999999999998 -0.995393777257622
7.99999999999998 -0.989358246623385
8.04999999999998 -0.980849835620404
8.09999999999998 -0.969889810845091
8.14999999999998 -0.956505566651515
8.19999999999998 -0.940730556679779
8.24999999999998 -0.922604210239347
8.29999999999998 -0.902171833756301
8.34999999999998 -0.879484497530872
8.39999999999998 -0.854598908088289
8.44999999999999 -0.827577266441992
8.49999999999999 -0.798487112623499
8.54999999999999 -0.767401156867496
8.59999999999999 -0.734397097874122
8.64999999999999 -0.699557428602677
8.69999999999999 -0.662969230082191
8.74999999999999 -0.624723953754201
8.79999999999999 -0.58491719289177
8.84999999999999 -0.543648443666096
8.89999999999999 -0.501020856457892
8.94999999999999 -0.457140978035162
8.99999999999999 -0.412118485241763
9.04999999999999 -0.366065910862418
9.09999999999999 -0.319098362349357
9.15 -0.271333234113638
9.2 -0.222889914100251
9.25 -0.173889485380437
9.3 -0.124454423507065
9.35 -0.0747082903895366
9.4 -0.0247754254533595
9.45 0.0252193651436587
9.5 0.0751511204618093
9.55 0.124895037116752
9.6 0.174326781222981
9.65 0.223322799163786
9.7 0.271760626410946
9.75 0.319519193622277
9.8 0.366479129251932
9.85000000000001 0.412523057917098
9.90000000000001 0.457535893775326
9.95000000000001 0.501405128179204
