1000 0.0688427426026964  0.0599882862764165  0.0316227766016838
1100 0.0665514677409722  0.0788473328856778  0.0301511344577764
1200 0.064519957724807  0.0148370196775183  0.0288675134594813
1300 0.061460698332516  0.0707535990262533  0.0277350098112615
1400 0.0594915222791938  0.0492270107841546  0.0267261241912424
1500 0.0568484822763404  0.0199855135730074  0.0258198889747161
1600 0.0552427457135944  0.00433506212043966  0.025
1700 0.0533176252956448  0.0539556643414589  0.0242535625036333
1800 0.0518579223414572  0.00565464775826374  0.0235702260395516
1900 0.0507143831260313  0.0130544011302081  0.0229415733870562
2000 0.0491982892847849  0.0425081812286452  0.0223606797749979
2100 0.0481633371894472  0.0487429943944857  0.0218217890235992
2200 0.0476379082803734  0.0124565956582394  0.021320071635561
2300 0.0466075820274369  0.000154687827932154  0.0208514414057075
2400 0.045217225272392  0.0100569660791177  0.0204124145231932
2500 0.0444048862150697  0.0241362613294585  0.02
2600 0.0434081155784876  0.0449901722875916  0.0196116135138184
2700 0.0424844063197709  0.0332953776384786  0.0192450089729875
2800 0.041840443500727  0.0260122308254127  0.0188982236504614
2900 0.0413312820780633  0.0921113511972322  0.0185695338177052
3000 0.0405758820709647  0.0118987991183794  0.0182574185835055
3100 0.0397909676523  0.0404715391537924  0.0179605302026775
3200 0.0392667391523744  0.0771290906648985  0.0176776695296637
3300 0.0386527535694141  0.0403832386160352  0.0174077655955698
3400 0.0377216136538156  0.010066211572874  0.0171498585142509
3500 0.0376261396522789  0.0397196768304409  0.0169030850945703
3600 0.0372481040820612  0.0370415501686709  0.0166666666666667
3700 0.0364897037035687  0.0189567936112796  0.0164398987305357
3800 0.0361657627486087  0.0842505536878271  0.0162221421130763
3900 0.0356775366707925  0.048547705934884  0.0160128153805087
4000 0.0352930297378858  0.0277988758313215  0.0158113883008419
4100 0.0346305272665358  0.0347611338780704  0.0156173761888606
4200 0.0339350825125508  0.0124121346008002  0.0154303349962092
4300 0.0340645795849381  0.0378804454928758  0.0152498570332605
4400 0.0336453986641932  0.0154041305255372  0.0150755672288882
4500 0.0328961090408566  0.0331674583966985  0.0149071198499986
4600 0.0326752318766753  0.0358339719300229  0.0147441956154897
4700 0.0323058808653534  0.0586640384152415  0.0145864991497895
4800 0.0319544770353965  0.0434103299340061  0.0144337567297406
4900 0.0315825791643303  0.0501700169170194  0.0142857142857143
5000 0.0314414043756059  0.00858756456334309  0.014142135623731
5100 0.031104070349079  0.0314830420807066  0.0140028008402801
5200 0.0307697678854953  0.0264018930383751  0.0138675049056307
5300 0.0305199342708969  0.0314067041943527  0.0137360563948689
5400 0.0304209181407449  0.0327309492366634  0.0136082763487954
5500 0.0300272670004179  0.00708067423582603  0.0134839972492648
5600 0.0299428747697829  0.015003076404581  0.0133630620956212
5700 0.0291742568242956  0.0443399541551535  0.0132453235706504
5800 0.0290756769820912  0.0711934139618444  0.0131306432859723
5900 0.0286773089099291  0.0203559426125439  0.0130188910980824
6000 0.028710252927382  0.0544800169791331  0.0129099444873581
6100 0.0283779173469629  0.0216032978235763  0.0128036879932896
6200 0.028137156322096  0.01757874470976  0.0127000127000191
6300 0.0281603405519729  0.00824107146226982  0.0125988157669742
6400 0.0278370188240014  0.0349059686713522  0.0125
6500 0.0276499384296294  0.0305787916873919  0.0124034734589208
6600 0.0273107467733012  0.026381498223671  0.0123091490979333
6700 0.0272445109744606  0.0523990293919843  0.0122169444356305
6800 0.0268685787064021  0.0246521273521183  0.0121267812518166
6900 0.0267058255257752  0.0578627189498566  0.0120385853085769
7000 0.0265541487935988  0.0543463230218291  0.0119522860933439
7100 0.0265268789530747  0.0578275510808104  0.0118678165819385
7200 0.0260325068115371  0.0118570800512754  0.0117851130197758
7300 0.0259168292289293  0.0283939772938191  0.0117041147196131
7400 0.0259067898489607  0.0075148918143193  0.0116247638743819
7500 0.025566368401288  0.0268217155996173  0.0115470053837925
7600 0.0254827180870566  0.0115690789077192  0.0114707866935281
7700 0.0251369073799528  0.00330084985754731  0.0113960576459638
7800 0.0252659116548494  0.0220594926291895  0.011322770341446
7900 0.0248543836390832  0.0110469565963789  0.0112508790092602
8000 0.0249258087206287  0.0127277979097751  0.0111803398874989
8100 0.0244752694123157  0.0345766864114911  0.0111111111111111
8200 0.0244609158034705  0.0812651961286557  0.0110431526074847
8300 0.0242958164568458  0.0351467385392494  0.010976425998969
8400 0.024253599033809  0.00501194360712631  0.0109108945117996
8500 0.0241251393780569  0.0216492413415281  0.0108465228909328
8600 0.0239284806391214  0.0445000337216546  0.0107832773203438
8700 0.0238751141717927  0.0168075068360807  0.0107211253483779
8800 0.0238103722880115  0.0257262602023851  0.0106600358177805
8900 0.0237837993897835  0.0290846662440729  0.0105999788000636
9000 0.0233837563301136  0.0139800263018182  0.0105409255338946
9100 0.0233793150958569  0.0196162257475425  0.0104828483672192
9200 0.0233146899691839  0.00446875172751948  0.0104257207028537
9300 0.0231306552984478  0.0335542776717661  0.0103695169473043
9400 0.0230042287746775  0.0143693826989071  0.0103142124625879
9500 0.022768315397209  0.00369163714983056  0.0102597835208515
9600 0.0227522221238444  0.0113291604708974  0.0102062072615966
9700 0.0226103958812956  0.0123498911207656  0.0101534616513362
9800 0.0224481716836421  0.0237907930209706  0.0101015254455221
9900 0.0222326975579611  0.00488200302160502  0.0100503781525921
10000 0.0221017712668923  0.0231947598538884  0.01
10100 0.0221921589712518  0.0161111826761693  0.00995037190209989
10200 0.0221259105337598  0.0276254827373541  0.00990147542976674
10300 0.0219434561223315  0.0237958102442191  0.00985329278164293
10400 0.0218002023154115  0.0266789393369797  0.0098058067569092
10500 0.0217582580395278  0.0138986365947784  0.00975900072948533
10600 0.0216899987893462  0.0229624888429685  0.00971285862357264
10700 0.0214210517071632  0.00773148219704378  0.00966736489045664
10800 0.0213852454207646  0.0135168440386502  0.00962250448649376
10900 0.0212759439278967  0.00731872603772787  0.00957826285221151
11000 0.0211401341193327  0.0144513589138566  0.00953462589245592
11100 0.0210055409134062  0.024105175569038  0.00949157995752499
11200 0.0210609157833074  0.000770769329769383  0.00944911182523068
11300 0.0208562847768096  0.0090922879060269  0.00940720868383597
11400 0.0207696147498451  0.0173358986817833  0.00936585811581694
11500 0.0206580849210294  0.0500347971308392  0.00932504808240314
11600 0.0206271049816246  0.0326934203291289  0.00928476690885259
11700 0.0205229595538533  0.00151262603951174  0.00924500327042049
11800 0.0205074935182157  0.0256806783597607  0.00920574617898323
11900 0.0204241046916733  0.0340778467940965  0.00916698497028211
12000 0.0201977685248838  0.0102831785031112  0.00912870929175277
12100 0.0203123446978914  0.0214237173004652  0.00909090909090909
12200 0.020125087697479  0.00326370423320288  0.00905357460425185
12300 0.0199569129844654  0.0461326235289108  0.00901669634667432
12400 0.0200285798122189  0.030506488291739  0.00898026510133875
12500 0.0198835149238373  0.00252786082888656  0.00894427190999916
12600 0.0196942889729267  0.0143212568806157  0.00890870806374748
12700 0.0196785722765916  0.0089000687028955  0.00887356509416114
12800 0.0195921610930319  0.0159991655821674  0.00883883476483184
12900 0.0195177483897385  0.0108430418686001  0.00880450906325624
13000 0.019412922362981  0.0258683586514721  0.00877058019307029
13100 0.0194348193861587  0.0264632714175344  0.00873704056661038
13200 0.0194008247907121  0.00755381769408325  0.00870388279778489
13300 0.0191859270564125  0.00259096075296705  0.0086710996952412
13400 0.0191461127574598  0.00669613355843257  0.0086386842558136
13500 0.0191341244148252  0.0199576137162363  0.0086066296582387
13600 0.0192053391618739  0.00515286172875529  0.00857492925712544
13700 0.0190034387819473  0.000846771939864599  0.00854357657716761
13800 0.018943542082152  0.00879405423230972  0.00851256530758749
13900 0.0188163788707424  0.0218525621641854  0.00848188929679971
14000 0.01871031720816  0.0199759768544956  0.00845154254728517
14100 0.0186755112000105  0.00909798783278015  0.00842151921066519
14200 0.0186239906262142  0.0270124309223827  0.00839181358296689
14300 0.0185201067548822  0.0168465906737412  0.00836242010007091
14400 0.0184886307294606  0.0209898646802746  0.00833333333333333
14500 0.0184820475170331  0.0402985194713179  0.008304547985374
14600 0.018403917413618  0.00750787053768942  0.00827605888602368
14700 0.018292287256812  0.0275094190773602  0.00824786098842323
14800 0.0182197797983523  0.0129487041430867  0.00821994936526786
14900 0.0182066139535638  0.016745923603696  0.0081923192051904
15000 0.0181301579205008  0.0390053203730183  0.00816496580927726
15100 0.0180200519216844  0.031224205070159  0.00813788458771159
15200 0.0179982841602403  0.0105660625791622  0.00811107105653813
15300 0.0179112401982244  0.0273648773955242  0.00808452083454443
15400 0.0179741472812208  0.0159969762457819  0.0080582296402538
15500 0.0178326294841579  0.00952821337704535  0.00803219328902499
15600 0.0177597194303408  0.0139632003440178  0.00800640769025436
15700 0.0177275909535142  0.0166916167036937  0.00798086884467622
15800 0.0176553328597343  0.00298452237956948  0.0079555728417573
15900 0.0176650148067738  0.0303407478343374  0.00793051585718144
16000 0.0175892589427092  0.00467436840143787  0.00790569415042095
16100 0.0174939819991498  0.0296768824279083  0.00788110406239101
16200 0.0174642730584878  0.0114056890735252  0.00785674201318386
16300 0.017428162269923  0.0417297108939576  0.00783260449987957
16400 0.0173364211170862  0.00590679403622074  0.0078086880944303
16500 0.017213761939356  0.0270253034201517  0.00778498944161523
16600 0.0172039250121513  0.0346232822506378  0.00776150525706333
16700 0.0172565313389451  0.0275682469966867  0.00773823232534137
16800 0.0171506786409559  0.000773599824429372  0.0077151674981046
16900 0.0170241671151825  0.0109710874100291  0.00769230769230769
17000 0.0170647481527377  0.000923484197890012  0.0076696498884737
17100 0.0170131142562022  0.00463943393349409  0.00764719112901873
17200 0.0168851544794202  0.00163479383461018  0.00762492851663023
17300 0.0168557671912901  0.00285356617353694  0.00760285921269705
17400 0.0167851313530479  0.00543753689208426  0.00758098043578903
17500 0.0168236258769879  0.00734094229157911  0.00755928946018454
17600 0.0167225326700211  0.011877189088024  0.00753778361444409
17700 0.0167150789653732  0.0129831500053177  0.00751646028002829
17800 0.0167198253219707  0.0109058464077259  0.00749531688995861
17900 0.0166588199017044  0.00746664184211809  0.00747435092751936
18000 0.0165954542910846  0.00530127111833645  0.0074535599249993
18100 0.016535422600469  0.00965993672110876  0.00743294146247166
18200 0.0164506169680154  0.00107321217873357  0.00741249316661101
18300 0.0164222243875536  0.0207936110193989  0.00739221270954573
18400 0.0163813663879047  0.0216043605501786  0.00737209780774486
18500 0.0163349977046843  0.00109421503743157  0.00735214622093808
18600 0.0162556239442029  0.00069642841050177  0.00733235575106766
18700 0.0162590418970102  0.0402791292001199  0.00731272424127131
18800 0.0162043957160754  0.0140876634934921  0.00729324957489473
18900 0.0161348556459815  0.00242897986732116  0.00727392967453308
19000 0.0160955379644051  0.0289060066512108  0.00725476250110012
19100 0.0161095096656361  0.0150863148163785  0.00723574605292422
19200 0.01597740412072  0.0109520222263293  0.00721687836487032
19300 0.0159659086362068  0.000923274891815318  0.00719815750748695
19400 0.0159294899518916  0.0103675897743694  0.00717958158617738
19500 0.0159833320535721  0.0302489355012696  0.00716114874039433
19600 0.0158132833190471  0.0186647695086619  0.00714285714285714
19700 0.0158930113795683  0.0192413408145988  0.00712470499879096
19800 0.0157391122424015  0.00870175992533495  0.00710669054518702
19900 0.0157738888894651  0.0248961628707587  0.00708881205008336
20000 0.0157091535480767  0.0107397066000101  0.00707106781186548
20100 0.0157232169589469  0.0164045618532414  0.00705345615858598
20200 0.0156572948304791  0.00767434078706719  0.00703597544730292
20300 0.0155841390886775  0.00745508760596847  0.00701862406343596
20400 0.0154916684543091  0.0201756507771367  0.00700140042014005
20500 0.0154482647669641  0.0148015996635529  0.00698430295769578
20600 0.0155831797494193  0.0355541798028547  0.00696733014291618
20700 0.0153991646693278  0.00545514043811268  0.00695048046856916
20800 0.0153742353558921  0.00933029651719242  0.00693375245281536
20900 0.0153694795340295  0.015421339360647  0.00691714463866075
21000 0.0153392817470922  0.0276299110602727  0.00690065559342354
21100 0.0153344202456806  0.00285734310747898  0.00688428390821514
21200 0.0153196527073762  0.0193487806050019  0.00686802819743445
21300 0.0152566025293635  0.0151130299797986  0.00685188709827532
21400 0.0151794178795568  0.0121418864933998  0.00683585927024663
21500 0.0152195584742725  0.00534544858313879  0.00681994339470473
21600 0.0151272850271771  0.00743156612764562  0.00680413817439772
21700 0.015109708035462  0.00220551412435244  0.00678844233302131
21800 0.0150226408047941  0.0243083659155809  0.00677285461478596
21900 0.0150062591655256  0.0233040397990099  0.00675737378399486
22000 0.0149299413009838  0.0212560221826208  0.00674199862463242
22100 0.014935249736316  0.0211439126207926  0.00672672793996312
22200 0.0148749157571492  0.00257538575017824  0.00671156055214024
22300 0.0148859653282714  0.00533227862522034  0.00669649530182425
22400 0.0148080970344423  0.0249737835042692  0.00668153104781061
22500 0.0148655817083727  0.0179731120117701  0.00666666666666667
22600 0.0148088999179197  0.0101424198640805  0.00665190105237739
22700 0.014701882361364  0.00801898476450225  0.00663723311599972
22800 0.0147003526365979  0.00112511045144892  0.00662266178532522
22900 0.0146986011460535  0.0106032690035267  0.0066081860045509
23000 0.0146124855582847  0.00720152349235148  0.00659380473395787
23100 0.0145525153038553  0.0162642701704576  0.00657951694959769
23200 0.0146133779554478  0.0130130524460506  0.00656532164298613
23300 0.0144702118937583  0.0109322411064356  0.00655121782080418
23400 0.0145005106686275  0.0213584307196708  0.00653720450460613
23500 0.0144788813165865  0.0090100839563485  0.00652328073053442
23600 0.0145042116726227  0.00762360642823534  0.00650944554904119
23700 0.014379386688851  0.0252872925893297  0.00649569802461631
23800 0.0143787490287828  0.0422767682082577  0.00648203723552164
23900 0.0144222829611647  0.00188570434280955  0.00646846227353151
24000 0.0142957380620752  0.02287429022648  0.00645497224367903
24100 0.0142135038952864  0.0191231275446544  0.00644156626400831
24200 0.0142505703810235  0.0109092760242953  0.00642824346533225
24300 0.0142564144087024  0.00557881351712775  0.00641500299099584
24400 0.0142685051433665  0.0104241404203096  0.0064018439966448
24500 0.0141361102846761  0.0123096962666431  0.0063887656499994
24600 0.0142102173166624  0.00680331098329034  0.00637576713063338
24700 0.014143873857287  0.00392453616757793  0.00636284762975778
24800 0.0141568788168897  0.00400040361558318  0.00635000635000952
24900 0.0140123838552373  0.00312725382762036  0.00633724250524478
25000 0.0141243001093658  0.00577575806625319  0.00632455532033676
25100 0.0140035240341658  0.0183027916659531  0.00631194403097803
25200 0.0140206434906777  0.00402352997992228  0.00629940788348712
25300 0.0139893380217089  0.00854179898230312  0.00628694613461931
25400 0.0139239318144136  0.0250071591284824  0.00627455805138159
25500 0.013946564748806  0.0142344169342028  0.00626224291085149
25600 0.0139120426298196  0.0260119977104063  0.00625
25700 0.0138998884303196  0.0161747690525513  0.00623782861551805
25800 0.0138103849943621  0.000655589326704842  0.0062257280636469
25900 0.013823801400288  0.00734192835801251  0.006213697660012
26000 0.0137470127908678  0.0124530441867443  0.00620173672946042
26100 0.013716767652364  0.00476723525592915  0.00618984460590173
26200 0.013795900824244  0.0252552893283928  0.00617802063215215
26300 0.0136792026425163  0.00479667768886527  0.00616626415978207
26400 0.0136803119615383  0.0128850100258444  0.00615457454896664
26500 0.0136567369550975  0.0212894565009947  0.00614295116833951
26600 0.0136296916701827  0.0217145030475407  0.00613139339484966
26700 0.0135496431037975  0.0224869185907592  0.00611990061362105
26800 0.0135848649735188  0.012329657935513  0.00610847221781526
26900 0.0135313354396607  0.00920874482397949  0.00609710760849692
27000 0.0135214131163377  0.016578494423515  0.00608580619450185
27100 0.0135395350457025  0.00273846480306972  0.00607456739230787
27200 0.013452356424969  0.00331893820407236  0.00606339062590832
27300 0.0134421510169564  0.0137498960682372  0.00605227532668802
27400 0.0134498287985722  0.0108687212102501  0.00604122093330177
27500 0.0133841296319668  0.02245091038324  0.00603022689155527
27600 0.0133878465144373  0.0114406295563199  0.00601929265428846
27700 0.0133725498979398  0.00903254367964523  0.0060084176812611
27800 0.0132661923243216  0.0186110259078034  0.00599760143904067
27900 0.0132666066995624  0.00126034419304499  0.0059868434008925
28000 0.0132724678435101  0.0111195461467646  0.00597614304667197
28100 0.0132695626553572  0.00874130585181954  0.00596549986271894
28200 0.0132313846743908  0.00672845398654109  0.00595491334175414
28300 0.0131785660280655  0.0147510689434149  0.00594438298277764
28400 0.0131702459570616  0.00255435006040239  0.00593390829096927
28500 0.0131392943074602  0.00304438497652537  0.00592348877759092
28600 0.0131522188954777  0.00301871594726055  0.00591312395989083
28700 0.0131117810384368  0.0249872388586159  0.00590281336100955
28800 0.0130840283681427  0.0182242381623867  0.0058925565098879
28900 0.0130521423110534  0.00203446867179391  0.00588235294117647
29000 0.0130495154991685  0.0136509473501851  0.00587220219514703
29100 0.0130270244471593  0.00488441357775349  0.00586210381760549
29200 0.0129644584950991  0.0033344704231979  0.00585205735980653
29300 0.0129694437575444  0.0194018365739588  0.00584206237836986
29400 0.0129245469707083  0.0135309481519283  0.00583211843519804
29500 0.0129575774645671  0.0304881348674879  0.00582222509739582
29600 0.0129137712843857  0.00312074751787428  0.00581238193719096
29700 0.0128742642303039  0.00645267787445869  0.00580258853185659
29800 0.0128931246153814  0.00957944748650741  0.00579284446363492
29900 0.0128529367980938  0.000487018784488757  0.0057831493196624
30000 0.0128230919800193  0.0284560422813414  0.00577350269189626
30100 0.0128075687711379  0.00501105870642604  0.00576390417704235
30200 0.0127813864151332  0.0238139627167238  0.00575435337648436
30300 0.0127356529254967  0.0036607864613325  0.00574484989621426
30400 0.0127439671184011  0.00717713950252374  0.00573539334676404
30500 0.0127621557474807  0.0170927883091507  0.00572598334313868
30600 0.0127208850590006  0.0130021361340478  0.00571661950475029
30700 0.0126492747911904  0.0057103748480194  0.0057073014553535
30800 0.0126603262977567  0.00511149542827916  0.0056980288229819
30900 0.0126097403745972  0.00304709623536192  0.00568880123988574
31000 0.0126269513193919  0.011312119812668  0.00567961834247065
31100 0.0125662971044681  0.0328134603052872  0.00567047977123743
31200 0.0125446935120297  0.00538940228194296  0.00566138517072298
31300 0.0125441118036648  0.00321160988310432  0.00565233418944222
31400 0.0125518369725644  0.00180288891338565  0.005643326479831
31500 0.0125320996798501  0.0176061071249989  0.00563436169819011
31600 0.0124850064170506  0.0111671594226284  0.00562543950463012
31700 0.0125407918170695  0.00365989246282927  0.0056165595630173
31800 0.0124363620708612  0.0041301511506826  0.00560772154092044
31900 0.0124238808418164  0.0137794104829081  0.00559892510955854
32000 0.0123682638931457  0.00275563898720677  0.00559016994374947
32100 0.0124226903982577  0.0123140573206806  0.00558145572185948
32200 0.0123684476305201  0.0148084396388048  0.00557278212575353
32300 0.012410511572912  0.00437492137493711  0.00556414884074657
32400 0.0123385226118895  0.00813914564006168  0.00555555555555556
32500 0.0123254183104774  0.00383225512267238  0.00554700196225229
32600 0.012301488410671  0.00793968717853133  0.00553848775621711
32700 0.0122843871078541  0.00960754804514519  0.00553001263609331
32800 0.0122540272011355  0.0215867476951237  0.00552157630374233
32900 0.0122671505752212  0.0121527066945619  0.00551317846419971
33000 0.012231095354113  0.0148971046913662  0.0055048188256318
33100 0.0121738770044823  0.00444803765275648  0.00549649709929313
33200 0.0121662028134632  0.00857684038512563  0.00548821299948452
33300 0.0121820490826546  0.014479571025328  0.00547996624351191
33400 0.0121333313875542  0.0217104894591937  0.00547175655164583
33500 0.0121339332523985  0.000717072543375608  0.00546358364708153
33600 0.0121207052838406  0.000818414281285484  0.00545544725589981
33700 0.0120819689587687  0.0217258608003417  0.00544734710702843
33800 0.0121360058119809  0.0254379107125464  0.00543928293220421
33900 0.0120399642618635  0.0064343112019567  0.00543125446593568
34000 0.0120641030002911  0.00690101651283292  0.0054232614454664
34100 0.0120441377331598  0.012035369800103  0.00541530361073882
34200 0.0119807209989645  0.0145853535158813  0.00540738070435875
34300 0.0119927775656852  0.000709916929352072  0.00539949247156039
34400 0.0119689647168673  0.00818528045744316  0.00539163866017192
34500 0.0119510986751024  0.0015095619394927  0.00538381902058166
34600 0.0119533773958859  0.0065650513012363  0.0053760333057047
34700 0.0118974031387884  0.0131796574640775  0.00536828127095019
34800 0.0119264357394157  0.00646635907112092  0.00536056267418897
34900 0.011875641923752  0.00241964757951285  0.00535287727572189
35000 0.0118855215578582  0.0123808483928527  0.00534522483824849
35100 0.011893961758156  0.0155082997060783  0.00533760512683624
35200 0.0117814485601341  0.012810493162859  0.00533001790889026
35300 0.0118392905357404  0.00172286216720696  0.00532246295412349
35400 0.0117885060635044  0.00305734547697911  0.00531494003452734
35500 0.0117921841448389  0.00382520702652078  0.00530744892434275
35600 0.0117720250202381  8.09522760896186E-05  0.0052999894000318
35700 0.0117784781063346  0.0122442257434883  0.00529256124024963
35800 0.011762235012623  0.0136949714482522  0.0052851642258169
35900 0.0116937479381822  0.013332381058496  0.00527779813969259
36000 0.0117352565411579  0.0196639984877058  0.0052704627669473
36100 0.0116823752006277  0.000727935419901904  0.00526315789473684
36200 0.0116610095830569  0.00507040945368242  0.00525588331227637
36300 0.0116489967057784  0.0167968376190641  0.00524863881081478
36400 0.0116235259959335  0.00977906573385079  0.00524142418360959
36500 0.0116380010437652  0.00564371817802733  0.00523423922590214
36600 0.0115637069509121  0.00401737699189653  0.00522708373489317
36700 0.0115546936258086  0.00638935905242732  0.00521995750971881
36800 0.0115627926848026  0.0048641416800681  0.00521286035142687
36900 0.0115928281044141  0.000946817187571725  0.00520579206295354
37000 0.0115564252882808  0.00743700550854909  0.00519875244910036
37100 0.01152593045865  0.000531050529829713  0.00519174131651165
37200 0.0114809014750156  0.00771713130417639  0.00518475847365213
37300 0.0114857333866836  0.00216440869918122  0.00517780373078498
37400 0.0114673778519098  0.00818027022056755  0.00517087689995019
37500 0.0114588955364412  0.00740154756403077  0.00516397779494322
37600 0.0115089369050316  0.0107499143014813  0.00515710623129397
37700 0.0114552458287633  0.00258763242181992  0.00515026202624605
37800 0.0113935944787975  0.0217483759775639  0.0051434449987364
37900 0.0113985014339398  0.0125307900475109  0.00513665496937514
38000 0.0113870326684687  0.00223424201157352  0.00512989176042577
38100 0.0113777943785216  0.00569717896637112  0.0051231551957856
38200 0.0113855882874355  0.00844846783134656  0.00511644510096651
38300 0.0113729576265624  0.0106789935101634  0.00510976130307596
38400 0.0113116813040007  0.00726496590516312  0.00510310363079829
38500 0.0113054635055404  0.0116291302394629  0.00509647191437626
38600 0.0113161326701745  0.00645598970054451  0.00508986598559288
38700 0.0113212469773536  0.00225550279706299  0.00508328567775349
38800 0.0112727100716746  0.00409047201364832  0.0050767308256681
38900 0.0112718721259496  0.00279013550776286  0.00507020126563394
39000 0.0112831385949016  0.0117595273637381  0.00506369683541833
39100 0.0111939156803447  0.0216213012215136  0.00505721737424174
39200 0.0112418403208228  0.00620288533777558  0.00505076272276105
39300 0.0111901217280094  7.04181352815247E-05  0.00504433272305318
39400 0.0111840911159405  0.0102092189069669  0.00503792721859878
39500 0.0111810139064883  0.0111047177304444  0.00503154605426628
39600 0.0111434870311456  0.0117023643694854  0.00502518907629606
39700 0.0111552259245221  0.0153132804714735  0.00501885613228496
39800 0.0111450856137424  0.00979105160846983  0.00501254707117085
39900 0.0111438360377954  0.00211674095314063  0.00500626174321759
40000 0.0111008268150406  0.017515456304944  0.005
40100 0.0110906436671462  0.020873071231176  0.00499376169438922
40200 0.0110993870857724  0.0189216108868391  0.00498754668053816
40300 0.0110390108442828  0.00882447492561189  0.00498135481386718
40400 0.0110273578253685  0.00373188712379857  0.00497518595104995
40500 0.0110446565919868  0.0060892467994762  0.00496903994999953
40600 0.011025383341878  0.0022465768599238  0.00496291666985465
40700 0.0109909756071031  0.0173922783858842  0.0049568159709661
40800 0.0109954091239386  0.00170826789531953  0.00495073771488337
40900 0.0109839215024015  0.00673109729647381  0.00494468176434149
41000 0.0109927217165742  0.00446341498634872  0.00493864798324795
41100 0.010977883243651  0.00867424391632143  0.0049326362366699
41200 0.0109341989404419  0.00178030938038143  0.00492664639082147
41300 0.0109492919167734  0.0234518311335163  0.00492067831305123
41400 0.0109295229020996  0.00839150568719926  0.0049147318718299
41500 0.0108813356227512  0.00779648315088988  0.00490880693673816
41600 0.0109025652120313  0.00116675006378175  0.0049029033784546
41700 0.0108865817006788  0.0217153512148536  0.00489702106874392
41800 0.0108587266171149  0.00164078545635471  0.00489115988044518
41900 0.0108662730236756  0.00390062547150816  0.00488531968746032
42000 0.0108215047742486  0.0169319328182631  0.00487950036474267
42100 0.0108160619894937  0.0219131490258508  0.00487370178828579
42200 0.0108347602834607  0.00730887734417163  0.00486792383511235
42300 0.0108028506000434  0.0259952008361717  0.00486216638326315
42400 0.0108109559688782  0.00440090813318283  0.00485642931178632
42500 0.0107715526711313  0.00671381466937904  0.00485071250072666
42600 0.0107992794591421  0.00510080619884601  0.00484501583111509
42700 0.0107564955576894  0.0240095160517728  0.00483933918495827
42800 0.0107492449569559  0.0255299924486043  0.00483368244522832
42900 0.0107147746980083  0.022530992653357  0.00482804549585268
43000 0.0106825072135182  0.0061617450716156  0.00482242822170412
43100 0.0106876931715532  0.00161090153475518  0.00481683050859088
43200 0.0106909273398091  0.00314086008744541  0.00481125224324688
43300 0.0106712060172859  0.00175257027774034  0.00480569331332213
43400 0.0106329605268985  0.00999548514255544  0.00480015360737319
43500 0.0106571258673012  0.00720403731675034  0.00479463301485384
43600 0.0106247337439183  0.0035223381330618  0.00478913142610576
43700 0.0106357439470755  0.00884788585879859  0.0047836487323494
43800 0.0105820215073994  0.00143813608834398  0.00477818482567497
43900 0.0106379749923233  0.00599433876889499  0.00477273959903348
44000 0.0105954183676153  0.00110263461672444  0.00476731294622796
44100 0.0105644974563502  0.00681704012623818  0.00476190476190476
44200 0.0106010422530991  0.00371962952072469  0.00475651494154494
44300 0.0105160998582446  0.000641309223208708  0.0047511433814558
44400 0.0105658297889174  0.00436529538618258  0.00474578997876249
44500 0.0105239267058125  0.00821519031432816  0.00474045463139977
44600 0.0104885856665599  0.0179773079536254  0.00473513723810378
44700 0.0105021443977466  0.0156597744678568  0.00472983769840402
44800 0.0105000573204822  0.0176392976653252  0.00472455591261534
44900 0.0104913286028077  0.00489734276389031  0.00471929178183009
45000 0.0104588499570686  0.013849266636893  0.00471404520791032
45100 0.0104896719146254  0.00132020283522571  0.00470881609348011
45200 0.0104328423460697  0.000367018434653588  0.00470360434191799
45300 0.0104574054422865  0.00256209116962669  0.0046984098573494
45400 0.0104085275267832  0.0173404259007954  0.00469323254463932
45500 0.0104021378268442  0.00302275938065755  0.00468807230938495
45600 0.010382573868894  0.00726504189715049  0.00468292905790847
45700 0.0103688276876607  0.000886001618646493  0.00467780269724988
45800 0.0104031564142085  0.00645034429357327  0.00467269313515998
45900 0.0103510769732392  0.00964261944006628  0.00466760028009337
46000 0.0103848594568304  0.0105840836449635  0.00466252404120157
46100 0.0103513960857586  0.00501664611424246  0.00465746432832622
46200 0.0103518067830447  0.00511117374364822  0.00465242105199235
46300 0.0103155510430216  0.00220407332928652  0.00464739412340173
46400 0.0103428160066541  0.0191142184249586  0.0046423834544263
46500 0.0103073904193689  0.00456350575020625  0.00463738895760168
46600 0.010307446471481  0.0148471161701438  0.00463241054612079
46700 0.0102831197626344  0.02033577482577  0.00462744813382748
46800 0.010262046950522  0.00966460930344226  0.00462250163521024
46900 0.0102402060782011  0.00520030630883772  0.0046175709653961
47000 0.0102524701513614  0.0137974287520151  0.00461265604014443
47100 0.0102309413444118  0.019135278205439  0.00460775677584091
47200 0.0102222746967731  0.00130815105678961  0.00460287308949162
47300 0.0102032613202552  0.00190075290697189  0.00459800489871703
47400 0.0101983761759854  0.0092061277548221  0.00459315212174625
47500 0.0102338847345486  0.0224144185259725  0.00458831467741124
47600 0.0101883655567661  0.000727511255316227  0.00458349248514106
47700 0.0101628604084454  0.00419753117177724  0.0045786854649563
47800 0.0101754484111175  0.00178073271346246  0.00457389353746348
47900 0.0101473212971149  0.0040438697192644  0.00456911662384954
48000 0.010143158511764  0.0200781993081867  0.00456435464587638
48100 0.0101317034826912  0.0156746046474017  0.00455960752587553
48200 0.0101248070431594  0.00883749982011306  0.00455487518674277
48300 0.0101275889549461  0.00851358619264664  0.0045501575519329
48400 0.0100895187878176  0.00552377233513379  0.00454545454545455
48500 0.0100804197512434  0.0043067073626597  0.004540766091865
48600 0.0100766842758688  0.015125981689259  0.00453609211626514
48700 0.0100727053284559  0.00975636046372763  0.00453143254429444
48800 0.0100365576216227  0.00845345730360059  0.00452678730212593
48900 0.0100431548425986  0.0158320368266756  0.00452215631646135
49000 0.0100626132229921  0.0161406115408598  0.00451753951452626
49100 0.0100198413323468  0.0109514019058725  0.00451293682406524
49200 0.010028294413885  0.0165637966079779  0.00450834817333716
49300 0.00999715653390941  0.00559887408609772  0.00450377349111045
49400 0.00997838886013675  0.000939037572246892  0.00449921270665848
49500 0.00995686284413357  0.0052277964730032  0.00449466574975495
49600 0.00997515013988862  0.00689904393521701  0.00449013255066937
49700 0.00996742367979199  0.00520290419810232  0.00448561304016257
49800 0.00996924030029856  0.00235913767113116  0.00448110714948221
49900 0.00996066328457217  0.012719942850409  0.00447661481035845
