0 142.404080608249 146.717090424417 138.217859386515
0.05 141.189037365886 145.490964157358 137.014311423115
0.1 139.984361312963 144.275084723972 135.821243492517
0.15 138.789963992862 143.069366490666 134.638564338626
0.2 137.605757703709 141.873724539491 133.466183499969
0.25 136.431655491932 140.688074662164 132.304011302779
0.3 135.26757114588 139.512333354138 131.151958854131
0.35 134.113419189492 138.34641780872 130.009938035147
0.4 132.969114876017 137.190245911239 128.877861494254
0.45 131.834574181796 136.043736233263 127.755642640502
0.5 130.70971380009 134.906808026862 126.643195636943
0.55 129.594451134963 133.779381218926 125.540435394064
0.6 128.488704295218 132.661376405519 124.447277563278
0.65 127.392392088383 131.552714846293 123.363638530473
0.7 126.30543401475 130.453318458936 122.289435409617
0.75 125.227750261462 129.363109813679 121.224586036419
0.8 124.159261696656 128.282012127839 120.16900896204
0.85 123.099889863651 127.20994926041 119.122623446868
0.9 122.049556975186 126.146845706704 118.085349454341
0.95 121.008185907708 125.092626593033 117.057107644824
1 119.975700195713 124.04721767143 116.037819369541
1.05 118.952024026126 123.010545314429 115.027406664559
1.1 117.937082232737 121.982536509872 114.025792244825
1.15 116.930800290682 120.963118855768 113.032899498254
1.2 115.933104310971 119.952220555199 112.048652479872
1.25 114.943921035059 118.949770411256 111.072975906002
1.3 113.963177829472 117.95569782203 110.10579514851
1.35 112.99080268047 116.969932775636 109.147036229093
1.4 112.02672418876 115.992405845286 108.196625813625
1.45 111.070871564255 115.023048184397 107.254491206543
1.5 110.123174620873 114.061791521739 106.320560345292
1.55 109.183563771386 113.108568156635 105.394761794807
1.6 108.251970022309 112.163310954184 104.477024742055
1.65 107.328324968837 111.225953340538 103.567278990612
1.7 106.412560789815 110.296429298212 102.6654549553
1.75 105.504610242766 109.374673361434 101.771483656863
1.8 104.604406658949 108.460620611536 100.885296716687
1.85 103.711883938466 107.554206672378 100.006826351574
1.9 102.826976545405 106.655367705818 99.1360053685568
1.95 101.949619503033 105.764040407214 98.2727671597571
2 101.07974838902 104.880162000966 97.4170456972935
2.05 100.217299330712 104.003670236095 96.5687755282298
2.1 99.3622090004374 103.134503381857 95.7278917695686
2.15 98.5144146108622 102.272600223398 94.8943301032888
2.2 97.6738539103748 101.417900057442 94.068026771426
2.25 96.8404651785176 100.570342688012 93.2489185711954
2.3 96.014187221454 99.7298684221973 92.436942850158
2.35 95.1949593674757 98.8964180659427 91.6320375014279
2.4 94.3827214625471 98.0699329198837 90.8341409589221
2.45 93.577413865889 97.2503547752108 90.0431921926517
2.5 92.7789774455985 96.4376259095699 89.2591307040531
2.55 91.987353574308 95.6316890829974 88.4818965213611
2.6 91.2024841248795 94.8324875338884 87.7114301950214
2.65 90.424311466137 94.0399649749993 86.9476727931439
2.7 89.6527784586345 93.2540655894835 86.1905658969943
2.75 88.8878284504606 92.4747340269599 85.4400515965265
2.8 88.1294052730784 91.7019153996151 84.6960724859527
2.85 87.3774532372014 90.9355552783374 83.9585716593526
2.9 86.6319171287042 90.1755996888836 83.2274927063208
2.95 85.8927422045684 89.4219951080774 82.502779707652
3 85.1598741888629 88.6746884600398 81.7843772310638
3.05 84.4332592687584 87.9336271124512 81.0722303269569
3.1 83.7128440905765 87.1987588728445 80.3662845242119
3.15 82.9985757558712 86.470031984929 79.666485826023
3.2 82.2904018175457 85.7473951249454 78.9727807057677
3.25 81.5882702760006 85.0307973980514 78.285116102913
3.3 80.8921295753159 84.3201883347364 77.6034394189562
3.35 80.2019285994656 83.615517887268 76.9276985134026
3.4 79.5176166685639 82.9167364261662 76.2578416997766
3.45 78.8391435351445 82.2237947367086 75.5938177416686
3.5 78.1664593804704 81.5366440154643 74.935575848816
3.55 77.4995148108762 80.8552358668562 74.2830656732181
3.6 76.8382608541413 80.1795222997531 73.6362373052855
3.65 76.1826489558936 79.5094557240894 72.9950412700222
3.69999999999999 75.5326309760447 78.8449889475134 72.3594285232413
3.74999999999999 74.8881591852549 78.1860751720635 71.729350447814
3.79999999999999 74.2491862614283 77.5326679908724 71.1047588499507
3.84999999999999 73.6156652862385 76.8847213848987 70.4856059555147
3.89999999999999 72.9875497416833 76.2421897196858 69.8718444063682
3.94999999999999 72.3647935066687 75.6050277421477 69.2634272567499
3.99999999999999 71.7473508536229 74.973190577382 68.660307969684
4.04999999999999 71.135176445138 74.3466337255096 68.0624404134208
4.09999999999999 70.5282253306417 73.7253130585402 67.4697788579084
4.14999999999999 69.9264529430959 73.1091848172645 66.8822779712943
4.19999999999999 69.3298150957249 72.4982056081726 66.2998928164584
4.24999999999999 68.7382679787703 71.8923324003974 65.7225788475757
4.29999999999999 68.1517681562748 71.2915225226843 65.1502919067094
4.34999999999999 67.5702725628921 70.6957336603856 64.5829882204328
4.39999999999999 66.9937385007253 70.1049238524804 64.0206243964813
4.44999999999999 66.4221236361913 69.5190514886195 63.4631574204336
4.49999999999999 65.8553859969125 68.9380753061945 62.9105446524214
4.54999999999999 65.2934839686348 68.3619543874321 62.362743823868
4.59999999999999 64.7363762921722 67.7906481565117 61.8197130342552
4.64999999999999 64.1840220603767 67.2241163767084 61.2814107479183
4.69999999999999 63.6363807151353 66.6623191475586 60.7477957908693
4.74999999999999 63.0934120443912 66.1052169020499 60.2188273476474
4.79999999999999 62.5550761791916 65.5527704038348 59.6944649581972
4.84999999999999 62.02133359076 65.0049407444667 59.1746685147739
4.89999999999999 61.4921450875939 64.4616893406603 58.6593982588755
4.94999999999999 60.9674718125867 63.9229779315737 58.1486147782015
4.99999999999999 60.4472752401749 63.3887685761138 57.6422790036391
5.04999999999999 59.9315171735089 62.8590236502642 57.1403522062737
5.09999999999999 59.4201597416485 62.3337058444356 56.6427959944277
5.14999999999999 58.9131653967823 61.8127781608375 56.1495723107231
5.19999999999999 58.4104969114703 61.2962039108732 55.6606434291712
5.24999999999999 57.9121173759103 60.7839467125552 55.1759719522864
5.29999999999999 57.4179901952284 60.2759704879434 54.6955208082263
5.34999999999999 56.9280790867909 59.7722394606037 54.2192532479556
5.39999999999999 56.442348077541 59.2727181530885 53.7471328424358
5.44999999999999 55.9607615013571 58.7773713844381 53.279123479838
5.49999999999999 55.4832839964337 58.2861642677027 52.8151893627817
5.54999999999999 55.0098805026851 57.7990622074856 52.3552950055959
5.59999999999999 54.540516259171 57.3160308975065 51.8994052316052
5.64999999999999 54.075156801544 56.8370363181856 51.4474851704393
5.69999999999999 53.6137679595191 56.362044734247 50.9995002553656
5.74999999999999 53.1563158543644 55.8910226923434 50.5554162206453
5.79999999999999 52.7027668964138 55.4239370186998 50.1151990989125
5.84999999999999 52.2530877826003 54.960754816777 49.6788152185761
5.89999999999999 51.8072454940107 54.5014434649547 49.2462312012441
5.94999999999999 51.3652072934613 54.045970614234 48.8174139591709
5.99999999999999 50.9269407230937 53.5943041859593 48.3923306927262
6.04999999999999 50.492413601992 53.1464123695587 47.9709488878862
6.09999999999999 50.0615940238192 52.702263620304 47.5532363137468
6.14999999999999 49.6344503544751 52.2618266570883 47.1391610200581
6.19999999999999 49.2109512297727 51.8250704602239 46.7286913347808
6.24999999999999 48.7910655531361 51.3919642692568 46.3217958616636
6.29999999999999 48.3747624933162 50.9624775808004 45.9184434778415
6.34999999999999 47.9620114821275 50.5365801463877 45.5186033314556
6.39999999999999 47.5527822122035 50.1142419703401 45.1222448392929
6.44999999999999 47.1470446347708 49.6954333076555 44.7293376844476
6.49999999999998 46.7447689574432 49.2801246619131 44.3398518140015
6.54999999999998 46.3459256420341 48.8682867831959 43.9537574367259
6.59999999999998 45.9504854023871 48.4598906660309 43.5710250208026
6.64999999999998 45.5584192022261 48.0549075473459 43.191625291565
6.69999999999998 45.169698253023 47.6533089044442 42.8155292292593
6.74999999999998 44.7842940118839 47.2550664529954 42.4427080668242
6.79999999999998 44.4021781794531 46.8601521450436 42.0731332876911
6.84999999999998 44.0233226978354 46.4685381670316 41.7067766236029
6.89999999999998 43.6476997485356 46.0801969378425 41.3436100524513
6.94999999999998 43.2752817504162 45.6951011068569 40.9836057961338
6.99999999999998 42.9060413576716 45.3132235520268 40.6267363184291
7.04999999999998 42.5399514578208 44.934537377965 40.2729743228906
7.09999999999998 42.1769851697164 44.5590159140516 39.9222927507587
7.14999999999998 41.8171158415705 44.1866327125547 39.5746647788909
7.19999999999998 41.4603170489979 43.8173615467685 39.2300638177106
7.24999999999998 41.106562593076 43.4511764091657 38.8884635091729
7.29999999999998 40.7558264984207 43.088051509566 38.5498377247485
7.34999999999998 40.4080830112795 42.7279612733197 38.2141605634254
7.39999999999998 40.0633065976402 42.3708803395063 37.8814063497275
7.44999999999998 39.7214719413559 42.0167835591487 37.5515496317513
7.49999999999998 39.3825539422864 41.6656459934418 37.2245651792181
7.54999999999998 39.046527714455 41.3174429119958 36.9004279815451
7.59999999999998 38.7133685842211 40.972149791095 36.5791132459321
7.64999999999998 38.3830520884685 40.62974231197 36.2605963954648
7.69999999999998 38.0555539728093 40.2901963590857 35.9448530672355
7.74999999999998 37.7308501898028 39.953488018442 35.6318591104791
7.79999999999998 37.4089168971897 39.6195935758903 35.3215905847262
7.84999999999998 37.0897304561416 39.2884895154629 35.0140237579717
7.89999999999998 36.7732674295252 38.9601525177167 34.70913510486
7.94999999999998 36.4595045801811 38.6345594580912 34.4069013048847
7.99999999999998 36.1484188692179 38.3116874052798 34.1072992406059
8.04999999999998 35.8399874543205 37.9915136196145 33.8103059958812
8.09999999999998 35.5341876880725 37.6740155514643 33.5158988541132
8.14999999999998 35.2309971162935 37.3591708396475 33.2240552965119
8.19999999999998 34.9303934763905 37.0469573098566 32.9347530003724
8.24999999999998 34.6323546957228 36.7373529730962 32.6479698373671
8.29999999999998 34.3368588899816 36.4303360241351 32.3636838718536
8.34999999999998 34.0438843615828 36.1258848399698 32.0818733591964
8.39999999999998 33.7534095980742 35.823977978302 31.8025167441041
8.44999999999999 33.4654132705553 35.5245941760285 31.5255926589804
8.49999999999999 33.179874232112 35.2277123477434 31.2510799222899
8.54999999999999 32.8967715162628 34.9333115842533 30.9789575369378
8.59999999999999 32.6160843354202 34.6413711511045 30.7092046886638
8.64999999999999 32.3377920793638 34.3518704871228 30.4418007444505
8.69999999999999 32.061874313727 34.0647892029653 30.1767252509446
8.74999999999999 31.7883107784967 33.7801070796844 29.9139579328928
8.79999999999999 31.5170813865257 33.4978040673041 29.6534786915909
8.84999999999999 31.2481662220575 33.2178602834072 29.3952676033466
8.89999999999999 30.9815455392639 32.9402560117359 29.1393049179553
8.94999999999999 30.7171997607955 32.6649717008024 28.8855710571897
8.99999999999999 30.4551094763439 32.3919879625122 28.6340466133021
9.04999999999999 30.1952554412164 32.1212855707988 28.38471234754
9.09999999999999 29.9376185749231 31.8528454602693 28.1375491886746
9.15 29.6821799597756 31.5866487248621 27.8925382315421
9.2 29.4289208394983 31.3226766165146 27.6496607355974
9.25 29.1778226178508 31.0609105438435 27.4088981234811
9.3 28.9288668572625 30.8013320708351 27.170231979598
9.35 28.682035277479 30.543922915547 26.933644048709
9.4 28.4373097542196 30.2886649488203 26.6991162345348
9.45 28.1946723178464 30.0355401930029 26.4666305983711
9.5 27.9541051520452 29.7845308206834 26.2361693577173
9.55 27.7155905925169 29.5356191534356 26.0077148849158
9.6 27.4791111256806 29.2887876605731 25.7812497058039
9.65 27.2446493873876 29.0440189579149 25.5567564983772
9.7 27.0121881616467 28.8012958065611 25.3342180914647
9.75 26.7817103793593 28.5606011116784 25.1136174634152
9.8 26.5531991170669 28.3219179212965 24.8949377407957
9.85000000000001 26.326637595708 28.0852294251141 24.6781621971005
9.90000000000001 26.102009179386 27.8505189533148 24.4632742514717
9.95000000000001 25.879297374148 27.6177699753933 24.2502574674313
10 25.6584858267733 27.3869660989908 24.0390955516239
10.05 25.439558323573 27.158091068741 23.8297723525703
10.1 25.2224987891991 26.9311287651249 23.622271859432
10.15 25.0072912854643 26.7060632033354 23.4165782007869
10.2 24.793920010172 26.482878532152 23.2126756434152
10.25 24.5823692959552 26.2615590328237 23.0105485910957
10.3 24.3726236091268 26.0420891179628 22.8101815834134
10.35 24.1646675485389 25.8244533304463 22.6115592945764
10.4 23.9584858444514 25.6086363423278 22.4146665322439
10.45 23.7540633574116 25.3946229537574 22.2194882363644
10.5 23.5513850771417 25.182398091912 22.0260094780233
10.55 23.3504361214372 24.971946809933 21.8342154583014
10.6 23.151201735074 24.7632542858739 21.6440915071426
10.65 22.953667288725 24.5563058216564 21.4556230822321
10.7 22.7578182778855 24.3510868420353 21.2687957678842
10.75 22.5636403218089 24.1475828935716 21.0835952739392
10.8 22.37111916245 23.9457796436151 20.9000074346706
10.85 22.1802406634186 23.7456628792945 20.7180182077017
10.9 21.9909908089414 23.5472185065167 20.5376136729315
10.95 21.8033557028324 23.3504325489741 20.3587800314696
11 21.6173215674732 23.15529114716 20.1815036045813
11.05 21.432874742801 22.9617805573929 20.0057708326411
11.1 21.2500016853055 22.7698871508481 19.8315682740951
11.15 21.0686889670346 22.5795974125983 19.6588826044338
11.2 20.8889232746084 22.3908979406612 19.487700615172
11.25 20.7106914082416 22.2037754450564 19.3180092128392
11.3 20.5339802807741 22.0182167468684 19.1497954179775
11.35 20.3587769167102 21.8342087773193 18.9830463641495
11.4 20.1850684512661 21.6517385768478 18.8177492969535
11.45 20.0128421294248 21.4707932941968 18.6538915730483
11.5 19.8420853049997 21.291360185508 18.4914606591861
11.55 19.672785439706 21.1134266134247 18.3304441312538
11.6 19.5049301022404 20.9369800462016 18.1708296733226
11.65 19.3385069673676 20.7620080568219 18.0126050767062
11.7 19.1735038150159 20.5884983221227 17.8557582390267
11.75 19.0099085293797 20.4164386219266 17.7002771632893
11.8 18.8477090980298 20.2458168381812 17.5461499569641
11.85 18.6868936110312 20.0766209541055 17.3933648310769
11.9 18.5274502600692 19.9088390533438 17.2419100993076
11.95 18.3693673375815 19.7424593191263 17.0917741770957
12 18.2126332358992 19.577470033437 16.9429455807548
12.05 18.0572364463943 19.4138595761881 16.795412926594
12.1 17.9031655586343 19.2516164244018 16.6491649300472
12.15 17.750409259545 19.0907291513988 16.50419040481
12.2 17.5989563325792 18.9311864259934 16.3604782619838
12.25 17.4487956568934 18.7729770116957 16.2180175092283
12.3 17.2999162065312 18.6160897659197 16.0767972499199
12.35 17.1523070496136 18.4605136391992 15.9368066823187
12.4 17.0059573475366 18.306237674409 15.7980350987423
12.45 16.8608563541746 18.1532510059936 15.6604718847466
12.5 16.7169934150924 18.0015428592018 15.524106518314
12.55 16.574357966762 17.8511025493277 15.3889285690486
12.6 16.4329395357872 17.7019194809586 15.2549276973784
12.65 16.2927277381347 17.5539831472282 15.1220936537643
12.7 16.1537122783717 17.407283129077 14.9904162779164
12.75 16.0158829489094 17.2618090945187 14.8598854980166
12.8 15.8792296292543 17.1175507979117 14.7304913299483
12.85 15.7437422852642 16.9744980792384 14.6022238765328
12.9 15.609410968412 16.8326408633891 14.4750733267724
12.95 15.4762258150552 16.6919691594528 14.3490299550993
13.0000000000001 15.3441770457113 16.552473060013 14.2240841206328
13.0500000000001 15.2132549643398 16.4141427404506 14.1002262664408
13.1000000000001 15.0834499576306 16.2769684582513 13.9774469188097
13.1500000000001 14.9547524942976 16.14094055232 13.8557366865189
13.2000000000001 14.8271531243793 16.0060494423 13.7350862601233
13.2500000000001 14.7006424785444 15.8722856278985 13.6154864112408
13.3000000000001 14.5752112674045 15.7396396882173 13.4969279918463
13.3500000000001 14.4508502808314 15.6081022810894 13.3794019335725
13.4000000000001 14.327550387281 15.477664142421 13.2628992470157
13.4500000000001 14.2053025331231 15.3483160855392 13.1474110210485
13.5000000000001 14.0840977419761 15.2200490005447 13.0329284221384
13.5500000000001 13.9639271140483 15.0928538536704 12.9194426936715
13.6000000000001 13.8447818254842 14.9667216866451 12.8069451552836
13.6500000000001 13.7266531277165 14.8416436160626 12.6954272021954
13.7000000000001 13.6095323468242 14.7176108327559 12.5848803045549
13.7500000000001 13.4934108828948 14.5946146011771 12.4752960067846
13.8000000000001 13.378280209394 14.4726462587819 12.3666659269351
13.8500000000001 13.2641318725385 14.3516972154194 12.2589817560438
13.9000000000001 13.1509574906759 14.2317589527275 12.1522352574992
13.9500000000001 13.0387487536692 14.1128230235326 12.046418266411
14.0000000000001 12.9274974222863 13.9948810512548 11.941522688986
14.0500000000001 12.8171953275954 13.8779247293179 11.8375405019082
14.1000000000001 12.7078343703649 13.7619458205646 11.7344637517257
14.1500000000001 12.5994065204688 13.6469361566758 11.6322845542423
14.2000000000001 12.491903816297 13.5328876375961 11.5309950939144
14.2500000000001 12.3853183641708 13.4197922309627 11.4305876232528
14.3000000000001 12.2796423377632 13.3076419715398 11.3310544622308
14.3500000000001 12.1748679775243 13.1964289606579 11.2323879976963
14.4000000000001 12.0709875901114 13.0861453656571 11.1345806827896
14.4500000000001 11.9679935478243 12.976783419336 11.0376250363662
14.5000000000001 11.8658782880451 12.8683354194038 10.9415136424243
14.5500000000001 11.7646343126827 12.7607937279388 10.8462391495382
14.6000000000001 11.6642541876228 12.6541507708498 10.7517942702953
14.6500000000001 11.5647305421813 12.5483990373429 10.658171780739
14.7000000000001 11.4660560685635 12.4435310793924 10.5653645198162
14.7500000000001 11.3682235213278 12.3395395112167 10.4733653888295
14.8000000000001 11.2712257168529 12.2364170087573 10.3821673508941
14.8500000000001 11.175055532811 12.1341563091638 10.2917634304
14.9000000000001 11.0797059076444 12.0327502102816 10.2021467124778
14.9500000000001 10.9851698400475 11.9321915701456 10.1133103424702
15.0000000000001 10.8914403884521 11.8324733064762 10.0252475254078
15.0500000000001 10.7985106705179 11.7335883961813 9.937951525489
15.1000000000001 10.7063738626276 11.635529874861 9.85141566556497
15.1500000000001 10.6150231993851 11.5382908363179 9.765633326629
15.2000000000001 10.5244519731193 11.4418644320697 9.68059794731012
15.2500000000001 10.4346535333913 11.3462438708677 9.59630302337125
15.3000000000001 10.3456212865062 11.2514224182183 9.5127421072117
15.3500000000001 10.257348695029 11.1573933959084 9.42990880737402
15.4000000000001 10.1698292773043 11.0641501815353 9.34779678805512
15.4500000000001 10.0830566069805 10.9716862080402 9.26639976862162
15.5000000000001 9.99702431253815 10.8799949632459 9.18571152312949
15.5500000000001 9.91172607682179 10.7890699893978 9.10572587984784
15.6000000000001 9.82715563657625 10.6989048827093 9.02643672078683
15.6500000000001 9.74330678198672 10.6094932929107 8.94783798122971
15.7000000000001 9.66017335622279 10.5208289228022 8.86992364926898
15.7500000000001 9.57774925498633 10.43290552781 8.79268776534649
15.8000000000001 9.49602842606333 10.3457169155468 8.71612442179765
15.8500000000001 9.41500486887945 10.2592569453755 8.64022776239952
15.9000000000001 9.33467263405942 10.1735195279768 8.56499198192293
15.9500000000001 9.25502582299021 10.0884986249204 8.49041132568837
16.0000000000001 9.17605858738788 10.0041882482395 8.41648008912592
16.0500000000001 9.09776512886818 9.92058246000925 8.3431926173388
16.1000000000001 9.02013969852078 9.83767537192863 8.27054330467094
16.1500000000001 8.94317659648712 9.75546114490548 8.19852659427816
16.2000000000001 8.8668701715419 9.67393398864544 8.12713697770313
16.2500000000001 8.79121482067815 9.5930881612441 8.05636899445406
16.3000000000001 8.71620498869576 9.51291796878256 7.986217231587
16.3500000000001 8.64183516779362 9.4334177649265 7.91667632329187
16.4000000000001 8.56809989716515 9.35458195052843 7.84774095048197
16.4500000000001 8.49499376259738 9.27640497323337 7.77940584038718
16.5000000000001 8.42251139607335 9.19888132708784 7.71166576615062
16.5500000000001 8.35064747537798 9.122005552152 7.64451554642889
16.6000000000001 8.27939672370724 9.0457722341152 7.57795004499571
16.6500000000001 8.20875390928072 8.97017600391459 7.51196417034909
16.7000000000001 8.13871384495746 8.89521153735699 7.4465528753219
16.7500000000001 8.06927138785505 8.82087355474395 7.38171115669579
16.8000000000001 8.00042143897203 8.74715682049985 7.31743405481849
16.8500000000001 7.93215894281348 8.6740561428032 7.25371665322451
16.9000000000001 7.86447888701976 8.60156637322096 7.19055407825902
16.9500000000001 7.79737630199854 8.52968240634596 7.12794149870513
17.0000000000001 7.73084626055982 8.45839917943733 7.06587412541431
17.0500000000001 7.6648838775542 8.38771167206389 7.00434721094009
17.1000000000001 7.59948430951413 8.31761490575064 6.94335604917495
17.1500000000001 7.53464275429827 8.24810394362804 6.88289597499035
17.2000000000001 7.47035445073892 8.17917389008441 6.82296236387987
17.2500000000001 7.40661467829236 8.11081989042103 6.76355063160553
17.3000000000001 7.34341875669229 8.04303713051032 6.70465623384715
17.3500000000001 7.2807620456061 7.97582083645673 6.6462746658547
17.4000000000001 7.21863994429423 7.90916627426051 6.58840146210382
17.4500000000001 7.15704789127224 7.84306874948435 6.53103219595419
17.5000000000001 7.09598136397598 7.7775236069227 6.47416247931099
17.5500000000001 7.03543587842943 7.71252623027395 6.41778796228923
17.6000000000001 6.97540698891548 7.64807204181525 6.36190433288106
17.6500000000001 6.9158902876495 7.58415650208019 6.30650731662592
17.7000000000001 6.85688140445568 7.52077510953899 6.25159267628362
17.7500000000001 6.79837600644611 7.45792340028153 6.19715621151023
17.8000000000001 6.74036979770268 7.39559694770295 6.14319375853678
17.8500000000001 6.68285851896159 7.33379136219185 6.08970118985083
17.9000000000001 6.62583794730062 7.27250229082118 6.0366744138807
17.9500000000001 6.56930389582909 7.21172541704163 5.98410937468255
18.0000000000001 6.51325221338034 7.15145646037763 5.93200205163017
18.0500000000001 6.457678784207 7.09169117612589 5.88034845910737
18.1000000000001 6.40257952767874 7.03242535505644 5.8291446462032
18.1500000000001 6.34795039798264 6.97365482311616 5.77838669640973
18.2000000000001 6.29378738382614 6.91537544113486 5.72807072732245
18.2500000000001 6.24008650814247 6.85758310453366 5.67819289034335
18.3000000000001 6.18684382779864 6.80027374303603 5.62874937038654
18.3500000000001 6.13405543330589 6.74344332038102 5.5797363855864
18.4000000000001 6.08171744853265 6.68708783403904 5.53115018700838
18.4500000000001 6.0298260304199 6.63120331492997 5.48298705836219
18.5000000000001 5.978377368699 6.57578582714358 5.43524331571757
18.5500000000001 5.9273676856119 6.52083146766237 5.3879153072225
18.6000000000001 5.87679323563375 6.46633636608666 5.34099941282388
18.6500000000001 5.82665030519787 6.41229668436201 5.29449204399068
18.7000000000001 5.77693521242309 6.35870861650889 5.24838964343936
18.7500000000001 5.72764430684338 6.30556838835464 5.20268868486188
18.8000000000001 5.67877396913981 6.25287225726767 5.15738567265591
18.8500000000001 5.63032061087478 6.20061651189386 5.11247714165749
18.9000000000001 5.58228067422856 6.14879747189515 5.06795965687599
18.9500000000001 5.53465063173802 6.09741148769036 5.02382981323133
19.0000000000001 5.48742698603761 6.04645494019816 4.98008423529357
19.0500000000001 5.44060626960259 5.99592424058216 4.93671957702472
19.1000000000001 5.39418504449439 5.94581582999814 4.89373252152279
19.1500000000001 5.34815990210818 5.89612617934346 4.85111978076812
19.2000000000001 5.30252746292259 5.84685178900844 4.80887809537183
19.2500000000001 5.25728437625153 5.79798918862991 4.76700423432658
19.3000000000001 5.2124273199982 5.74953493684682 4.72549499475935
19.3500000000001 5.16795300041113 5.70148562105782 4.68434720168657
19.4000000000001 5.12385815184232 5.65383785718096 4.64355770777115
19.4500000000001 5.08013953650746 5.60658828941532 4.60312339308183
19.5000000000001 5.03679394424822 5.55973359000466 4.5630411648545
19.5500000000001 4.99381819229648 5.51327045900309 4.52330795725566
19.6000000000001 4.95120912504064 5.4671956240426 4.48392073114791
19.6500000000001 4.90896361379396 5.42150584010263 4.44487647385747
19.7000000000001 4.86707855656475 5.3761978892815 4.40617219894379
19.7500000000001 4.82555087782867 5.33126858056981 4.36780494597108
19.8000000000001 4.78437752830285 5.28671474962566 4.32977178028189
19.8500000000001 4.743555484722 5.24253325855181 4.29206979277265
19.9000000000001 4.70308174961645 5.19872099567466 4.25469609967111
19.9500000000001 4.662953351092 5.15527487532513 4.21764784231585
