0 142.404080608249
0.05 141.189037365886
0.1 139.984361312963
0.15 138.789963992862
0.2 137.605757703709
0.25 136.431655491932
0.3 135.26757114588
0.35 134.113419189492
0.4 132.969114876017
0.45 131.834574181796
0.5 130.70971380009
0.55 129.594451134963
0.6 128.488704295218
0.65 127.392392088383
0.7 126.30543401475
0.75 125.227750261462
0.8 124.159261696656
0.85 123.099889863651
0.9 122.049556975186
0.95 121.008185907708
1 119.975700195713
1.05 118.952024026126
1.1 117.937082232737
1.15 116.930800290682
1.2 115.933104310971
1.25 114.943921035059
1.3 113.963177829472
1.35 112.99080268047
1.4 112.02672418876
1.45 111.070871564255
1.5 110.123174620873
1.55 109.183563771386
1.6 108.251970022309
1.65 107.328324968837
1.7 106.412560789815
1.75 105.504610242766
1.8 104.604406658949
1.85 103.711883938466
1.9 102.826976545405
1.95 101.949619503033
2 101.07974838902
2.05 100.217299330712
2.1 99.3622090004374
2.15 98.5144146108622
2.2 97.6738539103748
2.25 96.8404651785176
2.3 96.014187221454
2.35 95.1949593674757
2.4 94.3827214625471
2.45 93.577413865889
2.5 92.7789774455985
2.55 91.987353574308
2.6 91.2024841248795
2.65 90.424311466137
2.7 89.6527784586345
2.75 88.8878284504606
2.8 88.1294052730784
2.85 87.3774532372014
2.9 86.6319171287042
2.95 85.8927422045684
3 85.1598741888629
3.05 84.4332592687584
3.1 83.7128440905765
3.15 82.9985757558712
3.2 82.2904018175457
3.25 81.5882702760006
3.3 80.8921295753159
3.35 80.2019285994656
3.4 79.5176166685639
3.45 78.8391435351445
3.5 78.1664593804704
3.55 77.4995148108762
3.6 76.8382608541413
3.65 76.1826489558936
3.69999999999999 75.5326309760447
3.74999999999999 74.8881591852549
3.79999999999999 74.2491862614283
3.84999999999999 73.6156652862385
3.89999999999999 72.9875497416833
3.94999999999999 72.3647935066687
3.99999999999999 71.7473508536229
4.04999999999999 71.135176445138
4.09999999999999 70.5282253306417
4.14999999999999 69.9264529430959
4.19999999999999 69.3298150957249
4.24999999999999 68.7382679787703
4.29999999999999 68.1517681562748
4.34999999999999 67.5702725628921
4.39999999999999 66.9937385007253
4.44999999999999 66.4221236361913
4.49999999999999 65.8553859969125
4.54999999999999 65.2934839686348
4.59999999999999 64.7363762921722
4.64999999999999 64.1840220603767
4.69999999999999 63.6363807151353
4.74999999999999 63.0934120443912
4.79999999999999 62.5550761791916
4.84999999999999 62.02133359076
4.89999999999999 61.4921450875939
4.94999999999999 60.9674718125867
4.99999999999999 60.4472752401749
5.04999999999999 59.9315171735089
5.09999999999999 59.4201597416485
5.14999999999999 58.9131653967823
5.19999999999999 58.4104969114703
5.24999999999999 57.9121173759103
5.29999999999999 57.4179901952284
5.34999999999999 56.9280790867909
5.39999999999999 56.442348077541
5.44999999999999 55.9607615013571
5.49999999999999 55.4832839964337
5.54999999999999 55.0098805026851
5.59999999999999 54.540516259171
5.64999999999999 54.075156801544
5.69999999999999 53.6137679595191
5.74999999999999 53.1563158543644
5.79999999999999 52.7027668964138
5.84999999999999 52.2530877826003
5.89999999999999 51.8072454940107
5.94999999999999 51.3652072934613
5.99999999999999 50.9269407230937
6.04999999999999 50.492413601992
6.09999999999999 50.0615940238192
6.14999999999999 49.6344503544751
6.19999999999999 49.2109512297727
6.24999999999999 48.7910655531361
6.29999999999999 48.3747624933162
6.34999999999999 47.9620114821275
6.39999999999999 47.5527822122035
6.44999999999999 47.1470446347708
6.49999999999998 46.7447689574432
6.54999999999998 46.3459256420341
6.59999999999998 45.9504854023871
6.64999999999998 45.5584192022261
6.69999999999998 45.169698253023
6.74999999999998 44.7842940118839
6.79999999999998 44.4021781794531
6.84999999999998 44.0233226978354
6.89999999999998 43.6476997485356
6.94999999999998 43.2752817504162
6.99999999999998 42.9060413576716
7.04999999999998 42.5399514578208
7.09999999999998 42.1769851697164
7.14999999999998 41.8171158415705
7.19999999999998 41.4603170489979
7.24999999999998 41.106562593076
7.29999999999998 40.7558264984207
7.34999999999998 40.4080830112795
7.39999999999998 40.0633065976402
7.44999999999998 39.7214719413559
7.49999999999998 39.3825539422864
7.54999999999998 39.046527714455
7.59999999999998 38.7133685842211
7.64999999999998 38.3830520884685
7.69999999999998 38.0555539728093
7.74999999999998 37.7308501898028
7.79999999999998 37.4089168971897
7.84999999999998 37.0897304561416
7.89999999999998 36.7732674295252
7.94999999999998 36.4595045801811
7.99999999999998 36.1484188692179
8.04999999999998 35.8399874543205
8.09999999999998 35.5341876880725
8.14999999999998 35.2309971162935
8.19999999999998 34.9303934763905
8.24999999999998 34.6323546957228
8.29999999999998 34.3368588899816
8.34999999999998 34.0438843615828
8.39999999999998 33.7534095980742
8.44999999999999 33.4654132705553
8.49999999999999 33.179874232112
8.54999999999999 32.8967715162628
8.59999999999999 32.6160843354202
8.64999999999999 32.3377920793638
8.69999999999999 32.061874313727
8.74999999999999 31.7883107784967
8.79999999999999 31.5170813865257
8.84999999999999 31.2481662220575
8.89999999999999 30.9815455392639
8.94999999999999 30.7171997607955
8.99999999999999 30.4551094763439
9.04999999999999 30.1952554412164
9.09999999999999 29.9376185749231
9.15 29.6821799597756
9.2 29.4289208394983
9.25 29.1778226178508
9.3 28.9288668572625
9.35 28.682035277479
9.4 28.4373097542196
9.45 28.1946723178464
9.5 27.9541051520452
9.55 27.7155905925169
9.6 27.4791111256806
9.65 27.2446493873876
9.7 27.0121881616467
9.75 26.7817103793593
9.8 26.5531991170669
9.85000000000001 26.326637595708
9.90000000000001 26.102009179386
9.95000000000001 25.879297374148
10 25.6584858267733
10.05 25.439558323573
10.1 25.2224987891991
10.15 25.0072912854643
10.2 24.793920010172
10.25 24.5823692959552
10.3 24.3726236091268
10.35 24.1646675485389
10.4 23.9584858444514
10.45 23.7540633574116
10.5 23.5513850771417
10.55 23.3504361214372
10.6 23.151201735074
10.65 22.953667288725
10.7 22.7578182778855
10.75 22.5636403218089
10.8 22.37111916245
10.85 22.1802406634186
10.9 21.9909908089414
10.95 21.8033557028324
11 21.6173215674732
11.05 21.432874742801
11.1 21.2500016853055
11.15 21.0686889670346
11.2 20.8889232746084
11.25 20.7106914082416
11.3 20.5339802807741
11.35 20.3587769167102
11.4 20.1850684512661
11.45 20.0128421294248
11.5 19.8420853049997
11.55 19.672785439706
11.6 19.5049301022404
11.65 19.3385069673676
11.7 19.1735038150159
11.75 19.0099085293797
11.8 18.8477090980298
11.85 18.6868936110312
11.9 18.5274502600692
11.95 18.3693673375815
12 18.2126332358992
12.05 18.0572364463943
12.1 17.9031655586343
12.15 17.750409259545
12.2 17.5989563325792
12.25 17.4487956568934
12.3 17.2999162065312
12.35 17.1523070496136
12.4 17.0059573475366
12.45 16.8608563541746
12.5 16.7169934150924
12.55 16.574357966762
12.6 16.4329395357872
12.65 16.2927277381347
12.7 16.1537122783717
12.75 16.0158829489094
12.8 15.8792296292543
12.85 15.7437422852642
12.9 15.609410968412
12.95 15.4762258150552
13.0000000000001 15.3441770457113
13.0500000000001 15.2132549643398
13.1000000000001 15.0834499576306
13.1500000000001 14.9547524942976
13.2000000000001 14.8271531243793
13.2500000000001 14.7006424785444
13.3000000000001 14.5752112674045
13.3500000000001 14.4508502808314
13.4000000000001 14.327550387281
13.4500000000001 14.2053025331231
13.5000000000001 14.0840977419761
13.5500000000001 13.9639271140483
13.6000000000001 13.8447818254842
13.6500000000001 13.7266531277165
13.7000000000001 13.6095323468242
13.7500000000001 13.4934108828948
13.8000000000001 13.378280209394
13.8500000000001 13.2641318725385
13.9000000000001 13.1509574906759
13.9500000000001 13.0387487536692
14.0000000000001 12.9274974222863
14.0500000000001 12.8171953275954
14.1000000000001 12.7078343703649
14.1500000000001 12.5994065204688
14.2000000000001 12.491903816297
14.2500000000001 12.3853183641708
14.3000000000001 12.2796423377632
14.3500000000001 12.1748679775243
14.4000000000001 12.0709875901114
14.4500000000001 11.9679935478243
14.5000000000001 11.8658782880451
14.5500000000001 11.7646343126827
14.6000000000001 11.6642541876228
14.6500000000001 11.5647305421813
14.7000000000001 11.4660560685635
14.7500000000001 11.3682235213278
14.8000000000001 11.2712257168529
14.8500000000001 11.175055532811
14.9000000000001 11.0797059076444
14.9500000000001 10.9851698400475
15.0000000000001 10.8914403884521
15.0500000000001 10.7985106705179
15.1000000000001 10.7063738626276
15.1500000000001 10.6150231993851
15.2000000000001 10.5244519731193
15.2500000000001 10.4346535333913
15.3000000000001 10.3456212865062
15.3500000000001 10.257348695029
15.4000000000001 10.1698292773043
15.4500000000001 10.0830566069805
15.5000000000001 9.99702431253815
15.5500000000001 9.91172607682179
15.6000000000001 9.82715563657625
15.6500000000001 9.74330678198672
15.7000000000001 9.66017335622279
15.7500000000001 9.57774925498633
15.8000000000001 9.49602842606333
15.8500000000001 9.41500486887945
15.9000000000001 9.33467263405942
15.9500000000001 9.25502582299021
16.0000000000001 9.17605858738788
16.0500000000001 9.09776512886818
16.1000000000001 9.02013969852078
16.1500000000001 8.94317659648712
16.2000000000001 8.8668701715419
16.2500000000001 8.79121482067815
16.3000000000001 8.71620498869576
16.3500000000001 8.64183516779362
16.4000000000001 8.56809989716515
16.4500000000001 8.49499376259738
16.5000000000001 8.42251139607335
16.5500000000001 8.35064747537798
16.6000000000001 8.27939672370724
16.6500000000001 8.20875390928072
16.7000000000001 8.13871384495746
16.7500000000001 8.06927138785505
16.8000000000001 8.00042143897203
16.8500000000001 7.93215894281348
16.9000000000001 7.86447888701976
16.9500000000001 7.79737630199854
17.0000000000001 7.73084626055982
17.0500000000001 7.6648838775542
17.1000000000001 7.59948430951413
17.1500000000001 7.53464275429827
17.2000000000001 7.47035445073892
17.2500000000001 7.40661467829236
17.3000000000001 7.34341875669229
17.3500000000001 7.2807620456061
17.4000000000001 7.21863994429423
17.4500000000001 7.15704789127224
17.5000000000001 7.09598136397598
17.5500000000001 7.03543587842943
17.6000000000001 6.97540698891548
17.6500000000001 6.9158902876495
17.7000000000001 6.85688140445568
17.7500000000001 6.79837600644611
17.8000000000001 6.74036979770268
17.8500000000001 6.68285851896159
17.9000000000001 6.62583794730062
17.9500000000001 6.56930389582909
18.0000000000001 6.51325221338034
18.0500000000001 6.457678784207
18.1000000000001 6.40257952767874
18.1500000000001 6.34795039798264
18.2000000000001 6.29378738382614
18.2500000000001 6.24008650814247
18.3000000000001 6.18684382779864
18.3500000000001 6.13405543330589
18.4000000000001 6.08171744853265
18.4500000000001 6.0298260304199
18.5000000000001 5.978377368699
18.5500000000001 5.9273676856119
18.6000000000001 5.87679323563375
18.6500000000001 5.82665030519787
18.7000000000001 5.77693521242309
18.7500000000001 5.72764430684338
18.8000000000001 5.67877396913981
18.8500000000001 5.63032061087478
18.9000000000001 5.58228067422856
18.9500000000001 5.53465063173802
19.0000000000001 5.48742698603761
19.0500000000001 5.44060626960259
19.1000000000001 5.39418504449439
19.1500000000001 5.34815990210818
19.2000000000001 5.30252746292259
19.2500000000001 5.25728437625153
19.3000000000001 5.2124273199982
19.3500000000001 5.16795300041113
19.4000000000001 5.12385815184232
19.4500000000001 5.08013953650746
19.5000000000001 5.03679394424822
19.5500000000001 4.99381819229648
19.6000000000001 4.95120912504064
19.6500000000001 4.90896361379396
19.7000000000001 4.86707855656475
19.7500000000001 4.82555087782867
19.8000000000001 4.78437752830285
19.8500000000001 4.743555484722
19.9000000000001 4.70308174961645
19.9500000000001 4.662953351092
