0 142.404080608249
0.05 141.164080640397
0.1 139.934878115382
0.15 138.716379013226
0.2 137.508490132639
0.25 136.31111908389
0.3 135.124174281747
0.35 133.947564938463
0.4 132.781201056837
0.45 131.624993423329
0.5 130.478853601237
0.55 129.342693923931
0.6 128.216427488148
0.65 127.099968147346
0.7 125.993230505112
0.75 124.896129908636
0.8 123.808582442229
0.85 122.730504920907
0.9 121.661814884032
0.95 120.602430588998
1 119.552271004985
1.05 118.511255806757
1.1 117.479305368519
1.15 116.456340757828
1.2 115.442283729552
1.25 114.437056719891
1.3 113.440582840436
1.35 112.452785872298
1.4 111.47359026027
1.45 110.502921107049
1.5 109.540704167513
1.55 108.586865843035
1.6 107.641333175857
1.65 106.704033843509
1.7 105.774896153279
1.75 104.853849036726
1.8 103.940822044245
1.85 103.035745339681
1.9 102.138549694983
1.95 101.249166484914
2 100.367527681798
2.05 99.4935658503161
2.1 98.6272141423527
2.15 97.7684062918787
2.2 96.9170766098843
2.25 96.0731599793545
2.3 95.236591850288
2.35 94.4073082347601
2.4 93.5852457020284
2.45 92.7703413736811
2.5 91.9625329188273
2.55 91.1617585493296
2.6 90.3679570150778
2.65 89.5810675993043
2.7 88.8010301139396
2.75 88.0277848950089
2.8 87.2612727980683
2.85 86.5014351936808
2.9 85.7482139629323
2.95 85.0015514929856
3 84.2613906726741
3.05 83.5276748881331
3.1 82.8003480184698
3.15 82.0793544314705
3.2 81.3646389793455
3.25 80.6561469945107
3.3 79.9538242854064
3.35 79.2576171323521
3.4 78.5674722834376
3.45 77.8833369504501
3.5 77.2051588048359
3.55 76.5328859736984
3.6 75.8664670358302
3.65 75.2058510177801
3.69999999999999 74.5509873899539
3.74999999999999 73.90182606275
3.79999999999999 73.2583173827273
3.84999999999999 72.6204121288084
3.89999999999999 71.9880615085134
3.94999999999999 71.3612171542292
3.99999999999999 70.7398311195089
4.04999999999999 70.1238558754048
4.09999999999999 69.5132443068332
4.14999999999999 68.9079497089704
4.19999999999999 68.3079257836802
4.24999999999999 67.7131266359729
4.29999999999999 67.1235067704946
4.34999999999999 66.5390210880476
4.39999999999999 65.9596248821404
4.44999999999999 65.3852738355688
4.49999999999999 64.8159240170256
4.54999999999999 64.2515318777403
4.59999999999999 63.6920542481487
4.64999999999999 63.1374483345905
4.69999999999999 62.5876717160359
4.74999999999999 62.0426823408413
4.79999999999999 61.5024385235327
4.84999999999999 60.966898941617
4.89999999999999 60.4360226324217
4.94999999999999 59.9097689899611
4.99999999999999 59.3880977618313
5.04999999999999 58.8709690461306
5.09999999999999 58.3583432884076
5.14999999999999 57.8501812786361
5.19999999999999 57.3464441482157
5.24999999999999 56.8470933669985
5.29999999999999 56.3520907403427
5.34999999999999 55.8613984061906
5.39999999999999 55.3749788321728
5.44999999999999 54.8927948127371
5.49999999999999 54.4148094663033
5.54999999999999 53.9409862324415
5.59999999999999 53.4712888690762
5.64999999999999 53.0056814497138
5.69999999999999 52.5441283606948
5.74999999999999 52.0865942984699
5.79999999999999 51.6330442668993
5.84999999999999 51.1834435745764
5.89999999999999 50.7377578321738
5.94999999999999 50.2959529498131
5.99999999999999 49.8579951344578
6.04999999999999 49.4238508873277
6.09999999999999 48.9934870013375
6.14999999999999 48.5668705585562
6.19999999999999 48.1439689276894
6.24999999999999 47.7247497615838
6.29999999999999 47.3091809947524
6.34999999999999 46.8972308409222
6.39999999999999 46.4888677906028
6.44999999999999 46.0840606086764
6.49999999999998 45.6827783320086
6.54999999999998 45.2849902670799
6.59999999999998 44.8906659876384
6.64999999999998 44.4997753323721
6.69999999999998 44.1122884026023
6.74999999999998 43.7281755599964
6.79999999999998 43.3474074243008
6.84999999999998 42.9699548710942
6.89999999999998 42.5957890295594
6.94999999999998 42.2248812802751
6.99999999999998 41.8572032530271
7.04999999999998 41.4927268246378
7.09999999999998 41.1314241168158
7.14999999999998 40.7732674940229
7.19999999999998 40.4182295613606
7.24999999999998 40.0662831624747
7.29999999999998 39.7174013774778
7.34999999999998 39.371557520891
7.39999999999998 39.028725139602
7.44999999999998 38.6888780108419
7.49999999999998 38.3519901401799
7.54999999999998 38.0180357595345
7.59999999999998 37.6869893252029
7.64999999999998 37.3588255159068
7.69999999999998 37.0335192308561
7.74999999999998 36.7110455878286
7.79999999999998 36.391379921267
7.84999999999998 36.074497780392
7.89999999999998 35.7603749273325
7.94999999999998 35.4489873352713
7.99999999999998 35.1403111866077
8.04999999999998 34.8343228711352
8.09999999999998 34.5309989842363
8.14999999999998 34.2303163250914
8.19999999999998 33.9322518949052
8.24999999999998 33.6367828951467
8.29999999999998 33.343886725806
8.34999999999998 33.0535409836652
8.39999999999998 32.7657234605852
8.44999999999999 32.4804121418066
8.49999999999999 32.1975852042663
8.54999999999999 31.9172210149278
8.59999999999999 31.6392981291271
8.64999999999999 31.3637952889316
8.69999999999999 31.0906914215151
8.74999999999999 30.8199656375451
8.79999999999999 30.5515972295856
8.84999999999999 30.2855656705129
8.89999999999999 30.0218506119456
8.94999999999999 29.7604318826882
8.99999999999999 29.5012894871881
9.04999999999999 29.2444036040064
9.09999999999999 28.9897545843018
9.15 28.7373229503272
9.2 28.4870893939406
9.25 28.2390347751276
9.3 27.9931401205378
9.35 27.7493866220334
9.4 27.5077556352508
9.45 27.268228678174
9.5 27.0307874297217
9.55 26.7954137283452
9.6 26.5620895706397
9.65 26.3307971099672
9.7 26.1015186550912
9.75 25.8742366688239
9.8 25.6489337666844
9.85000000000001 25.4255927155692
9.90000000000001 25.2041964324341
9.95000000000001 24.9847279829875
10 24.767170580395
10.05 24.5515075839955
10.1 24.3377224980285
10.15 24.1257989703722
10.2 23.9157207912926
10.25 23.7074718922042
10.3 23.5010363444401
10.35 23.2963983580346
10.4 23.0935422805145
10.45 22.8924525957026
10.5 22.6931139225306
10.55 22.4955110138624
10.6 22.2996287553283
10.65 22.1054521641687
10.7 21.912966388088
10.75 21.7221567041188
10.8 21.5330085174956
10.85 21.3455073605385
10.9 21.1596388915465
10.95 20.9753888937008
11 20.7927432739771
11.05 20.6116880620677
11.1 20.4322094093129
11.15 20.254293587642
11.2 20.077926988523
11.25 19.9030961219216
11.3 19.7297876152697
11.35 19.5579882124424
11.4 19.3876847727439
11.45 19.2188642699026
11.5 19.0515137910747
11.55 18.8856205358564
11.6 18.7211718153049
11.65 18.5581550509679
11.7 18.3965577739214
11.75 18.236367623816
11.8 18.0775723479314
11.85 17.9201598002394
11.9 17.7641179404746
11.95 17.6094348332137
12 17.4560986469624
12.05 17.3040976532507
12.1 17.1534202257353
12.15 17.0040548393108
12.2 16.855990069228
12.25 16.7092145902201
12.3 16.5637171756361
12.35 16.4194866965825
12.4 16.2765121210721
12.45 16.1347825131797
12.5 15.9942870322062
12.55 15.8550149318489
12.6 15.71695555938
12.65 15.5800983548313
12.7 15.444432850187
12.75 15.3099486685825
12.8 15.1766355235113
12.85 15.0444832180374
12.9 14.9134816440162
12.95 14.7836207813207
13.0000000000001 14.6548906970754
13.0500000000001 14.5272815448963
13.1000000000001 14.4007835641382
13.1500000000001 14.2753870791477
13.2000000000001 14.1510824985232
13.2500000000001 14.0278603143815
13.3000000000001 13.9057111016302
13.3500000000001 13.7846255172471
13.4000000000001 13.6645942995654
13.4500000000001 13.5456082675654
13.5000000000001 13.4276583201722
13.5500000000001 13.3107354355594
13.6000000000001 13.1948306704594
13.6500000000001 13.0799351594789
13.7000000000001 12.9660401144213
13.7500000000001 12.853136823614
13.8000000000001 12.7412166512425
13.8500000000001 12.6302710366895
13.9000000000001 12.5202914938802
13.9500000000001 12.4112696106336
14.0000000000001 12.3031970480184
14.0500000000001 12.1960655397157
14.1000000000001 12.0898668913864
14.1500000000001 11.9845929800446
14.2000000000001 11.8802357534363
14.2500000000001 11.7767872294234
14.3000000000001 11.6742394953731
14.3500000000001 11.5725847075529
14.4000000000001 11.4718150905304
14.4500000000001 11.3719229365787
14.5000000000001 11.2729006050869
14.5500000000001 11.1747405219754
14.6000000000001 11.0774351791171
14.6500000000001 10.9809771337625
14.7000000000001 10.8853590079708
14.7500000000001 10.7905734880454
14.8000000000001 10.6966133239747
14.8500000000001 10.6034713288774
14.9000000000001 10.5111403784525
14.9500000000001 10.4196134104352
15.0000000000001 10.3288834240556
15.0500000000001 10.2389434795044
15.1000000000001 10.1497866974009
15.1500000000001 10.0614062582679
15.2000000000001 9.97379540200938
15.2500000000001 9.88694742739353
15.3000000000001 9.80085569154044
15.3500000000001 9.7155136094138
15.4000000000001 9.63091465331728
15.4500000000001 9.54705235239518
15.5000000000001 9.46392029213756
15.5500000000001 9.38151211388955
15.6000000000001 9.299821514365
15.6500000000001 9.21884224516435
15.7000000000001 9.1385681122967
15.7500000000001 9.05899297570607
15.8000000000001 8.98011074880168
15.8500000000001 8.90191539799246
15.9000000000001 8.82440094222554
15.9500000000001 8.74756145252876
16.0000000000001 8.67139105155716
16.0500000000001 8.59588391314343
16.1000000000001 8.52103426185229
16.1500000000001 8.44683637253876
16.2000000000001 8.37328456991017
16.2500000000001 8.30037322809216
16.3000000000001 8.22809677019828
16.3500000000001 8.15644966790351
16.4000000000001 8.08542644102131
16.4500000000001 8.01502165708452
16.5000000000001 7.94522993092983
16.5500000000001 7.87604592428583
16.6000000000001 7.80746434536475
16.6500000000001 7.73947994845765
16.7000000000001 7.67208753353322
16.7500000000001 7.60528194584004
16.8000000000001 7.53905807551223
16.8500000000001 7.47341085717872
16.9000000000001 7.40833526957569
16.9500000000001 7.3438263351626
17.0000000000001 7.27987911974139
17.0500000000001 7.21648873207909
17.1000000000001 7.15365032353374
17.1500000000001 7.09135908768347
17.2000000000001 7.02961025995888
17.2500000000001 6.96839911727861
17.3000000000001 6.90772097768807
17.3500000000001 6.84757120000136
17.4000000000001 6.7879451834462
17.4500000000001 6.7288383673121
17.5000000000001 6.67024623060146
17.5500000000001 6.6121642916838
17.6000000000001 6.55458810795295
17.6500000000001 6.49751327548725
17.7000000000001 6.44093542871269
17.7500000000001 6.38485024006901
17.8000000000001 6.32925341967867
17.8500000000001 6.27414071501874
17.9000000000001 6.21950791059562
17.9500000000001 6.1653508276226
18.0000000000001 6.11166532370026
18.0500000000001 6.05844729249958
18.1000000000001 6.00569266344789
18.1500000000001 5.95339740141749
18.2000000000001 5.90155750641701
18.2500000000001 5.8501690132855
18.3000000000001 5.79922799138907
18.3500000000001 5.7487305443203
18.4000000000001 5.69867280960018
18.4500000000001 5.64905095838269
18.5000000000001 5.59986119516192
18.5500000000001 5.55109975748177
18.6000000000001 5.50276291564814
18.6500000000001 5.45484697244371
18.7000000000001 5.40734826284509
18.7500000000001 5.36026315374249
18.8000000000001 5.31358804366185
18.8500000000001 5.26731936248938
18.9000000000001 5.22145357119845
18.9500000000001 5.1759871615789
19.0000000000001 5.13091665596875
19.0500000000001 5.08623860698814
19.1000000000001 5.04194959727566
19.1500000000001 4.99804623922699
19.2000000000001 4.95452517473575
19.2500000000001 4.91138307493668
19.3000000000001 4.86861663995096
19.3500000000001 4.82622259863389
19.4000000000001 4.78419770832462
19.4500000000001 4.74253875459813
19.5000000000001 4.70124255101939
19.5500000000001 4.66030593889963
19.6000000000001 4.61972578705472
19.6500000000001 4.57949899156566
19.7000000000001 4.53962247554121
19.7500000000001 4.5000931888825
19.8000000000001 4.46090810804975
19.8500000000001 4.42206423583101
19.9000000000001 4.38355860111288
19.9500000000001 4.3453882586533
