0 138.217859386515
0.05 137.038534501271
0.1 135.869272043497
0.15 134.709986156911
0.2 133.560591717793
0.25 132.421004328727
0.3 131.291140312405
0.35 130.170916705487
0.4 129.060251252505
0.45 127.959062399824
0.5 126.867269289655
0.55 125.784791754116
0.6 124.711550309347
0.65 123.647466149674
0.7 122.59246114182
0.75 121.546457819171
0.8 120.509379376084
0.85 119.481149662252
0.9 118.461693177109
0.95 117.450935064286
1 116.448801106119
1.05 115.455217718192
1.1 114.470111943941
1.15 113.493411449292
1.2 112.525044517353
1.25 111.564940043145
1.3 110.613027528383
1.35 109.6692370763
1.4 108.733499386512
1.45 107.805745749933
1.5 106.885908043724
1.55 105.973918726299
1.6 105.06971083236
1.65 104.173217967979
1.7 103.284374305729
1.75 102.403114579843
1.8 101.529374081426
1.85 100.663088653704
1.9 99.8041946873115
1.95 98.9526291156201
2 98.1083294101096
2.05 97.2712335757756
2.1 96.4412801465775
2.15 95.6184081809254
2.2 94.8025572572051
2.25 93.9936674693413
2.3 93.1916794223992
2.35 92.3965342282233
2.4 91.6081735011128
2.45 90.8265393535353
2.5 90.0515743918754
2.55 89.2832217122212
2.6 88.5214248961853
2.65 87.7661280067627
2.7 87.017275584223
2.75 86.2748126420384
2.8 85.5386846628461
2.85 84.8088375944452
2.9 84.0852178458278
2.95 83.3677722832438
3 82.6564482262997
3.05 81.95119344409
3.1 81.2519561513625
3.15 80.5586850047152
3.2 79.8713290988269
3.25 79.189837962719
3.3 78.5141615560494
3.35 77.8442502654386
3.4 77.1800549008263
3.45 76.5215266918596
3.5 75.8686172843121
3.55 75.221278736533
3.6 74.579463515927
3.65 73.9431244954645
3.69999999999999 73.3122149502204
3.74999999999999 72.6866885539437
3.79999999999999 72.066499375656
3.84999999999999 71.4516018762783
3.89999999999999 70.8419509052879
3.94999999999999 70.2375016974024
3.99999999999999 69.6382098692932
4.04999999999999 69.0440314163263
4.09999999999999 68.4549227093313
4.14999999999999 67.8708404913975
4.19999999999999 67.2917418746979
4.24999999999999 66.7175843373402
4.29999999999999 66.1483257202441
4.34999999999999 65.5839242240457
4.39999999999999 65.0243384060288
4.44999999999999 64.4695271770813
4.49999999999999 63.9194497986783
4.54999999999999 63.3740658798906
4.59999999999999 62.8333353744194
4.64999999999999 62.2972185776552
4.69999999999999 61.7656761237626
4.74999999999999 61.23866898279
4.79999999999999 60.7161584578032
4.84999999999999 60.1981061820445
4.89999999999999 59.6844741161152
4.94999999999999 59.1752245451826
4.99999999999999 58.6703200762105
5.04999999999999 58.1697236352137
5.09999999999999 57.6733984645358
5.14999999999999 57.1813081201499
5.19999999999999 56.6934164689828
5.24999999999999 56.2096876862617
5.29999999999999 55.730086252884
5.34999999999999 55.2545769528086
5.39999999999999 54.7831248704708
5.44999999999999 54.3156953882178
5.49999999999999 53.8522541837675
5.54999999999999 53.3927672276877
5.59999999999999 52.9372007808977
5.64999999999999 52.485521392191
5.69999999999999 52.0376958957789
5.74999999999999 51.593691408855
5.79999999999999 51.1534753291811
5.84999999999999 50.7170153326933
5.89999999999999 50.284279371128
5.94999999999999 49.8552356696691
5.99999999999999 49.4298527246149
6.04999999999999 49.0080993010646
6.09999999999999 48.5899444306248
6.14999999999999 48.1753574091358
6.19999999999999 47.7643077944169
6.24999999999999 47.3567654040311
6.29999999999999 46.9527003130689
6.34999999999999 46.552082851951
6.39999999999999 46.1548836042495
6.44999999999999 45.7610734045285
6.49999999999998 45.370623336202
6.54999999999998 44.9835047294106
6.59999999999998 44.5996891589168
6.64999999999998 44.2191484420175
6.69999999999998 43.8418546364744
6.74999999999998 43.4677800384629
6.79999999999998 43.0968971805371
6.84999999999998 42.7291788296136
6.89999999999998 42.3645979849713
6.94999999999998 42.0031278762692
6.99999999999998 41.6447419615805
7.04999999999998 41.2894139254437
7.09999999999998 40.9371176769305
7.14999999999998 40.5878273477297
7.19999999999998 40.2415172902479
7.24999999999998 39.8981620757265
7.29999999999998 39.5577364923741
7.34999999999998 39.2202155435153
7.39999999999998 38.8855744457557
7.44999999999998 38.5537886271617
7.49999999999998 38.2248337254562
7.54999999999998 37.8986855862301
7.59999999999998 37.5753202611683
7.64999999999998 37.2547140062916
7.69999999999998 36.9368432802127
7.74999999999998 36.6216847424084
7.79999999999998 36.309215251505
7.84999999999998 35.9994118635794
7.89999999999998 35.6922518304745
7.94999999999998 35.3877125981287
7.99999999999998 35.0857718049196
8.04999999999998 34.7864072800227
8.09999999999998 34.4895970417825
8.14999999999998 34.1953192960995
8.19999999999998 33.903552434829
8.24999999999998 33.6142750341948
8.29999999999998 33.3274658532163
8.34999999999998 33.0431038321485
8.39999999999998 32.761168090936
8.44999999999999 32.4816379276795
8.49999999999999 32.2044928171155
8.54999999999999 31.9297124091101
8.59999999999999 31.6572765271635
8.64999999999999 31.3871651669295
8.69999999999999 31.1193584947461
8.74999999999999 30.8538368461794
8.79999999999999 30.5905807245794
8.84999999999999 30.3295707996488
8.89999999999999 30.0707879060232
8.94999999999999 29.8142130418641
8.99999999999999 29.5598273674636
9.04999999999999 29.3076122038612
9.09999999999999 29.0575490314716
9.15 28.8096194887258
9.2 28.5638053707222
9.25 28.3200886278898
9.3 28.0784513646633
9.35 27.838875838169
9.4 27.6013444569214
9.45 27.3658397795324
9.5 27.1323445134297
9.55 26.9008415135879
9.6 26.671313781269
9.65 26.4437444627742
9.7 26.218116848207
9.75 25.9944143702454
9.8 25.7726206029259
9.85000000000001 25.5527192604375
9.90000000000001 25.3346941959253
9.95000000000001 25.1185294003055
10 24.9042090010895
10.05 24.6917172612185
10.1 24.4810385779079
10.15 24.272157481502
10.2 24.0650586343376
10.25 23.8597268296179
10.3 23.6561469902963
10.35 23.4543041679688
10.4 23.2541835417768
10.45 23.0557704173183
10.5 22.8590502255696
10.55 22.6640085218151
10.6 22.4706309845867
10.65 22.2789034146122
10.7 22.0888117337729
10.75 21.9003419840697
10.8 21.7134803265979
10.85 21.5282130405319
10.9 21.3445265221166
10.95 21.1624072836694
11 20.9818419525894
11.05 20.8028172703756
11.1 20.6253200916534
11.15 20.4493373832092
11.2 20.2748562230335
11.25 20.1018637993721
11.3 19.9303474097855
11.35 19.7602944602156
11.4 19.5916924640618
11.45 19.4245290412635
11.5 19.2587919173912
11.55 19.0944689227455
11.6 18.9315479914632
11.65 18.7700171606313
11.7 18.6098645694087
11.75 18.4510784581556
11.8 18.2936471675694
11.85 18.1375591378289
11.9 17.9828029077458
11.95 17.8293671139224
12 17.677240489918
12.05 17.526411865421
12.1 17.3768701654289
12.15 17.2286044094355
12.2 17.0816037106238
12.25 16.9358572750675
12.3 16.7913544009377
12.35 16.6480844777175
12.4 16.5060369854227
12.45 16.3652014938295
12.5 16.2255676617085
12.55 16.0871252360655
12.6 15.9498640513884
12.65 15.8137740289011
12.7 15.6788451758233
12.75 15.5450675846364
12.8 15.4124314323568
12.85 15.2809269798138
12.9 15.150544570935
12.95 15.0212746320371
13.0000000000001 14.8931076711229
13.0500000000001 14.7660342771843
13.1000000000001 14.6400451195115
13.1500000000001 14.5151309470076
13.2000000000001 14.3912825875094
13.2500000000001 14.2684909471139
13.3000000000001 14.1467470095107
13.3500000000001 14.0260418353196
13.4000000000001 13.9063665614348
13.4500000000001 13.7877124003733
13.5000000000001 13.6700706396304
13.5500000000001 13.5534326410396
13.6000000000001 13.4377898401382
13.6500000000001 13.3231337455388
13.7000000000001 13.2094559383055
13.7500000000001 13.0967480713358
13.8000000000001 12.9850018687477
13.8500000000001 12.8742091252722
13.9000000000001 12.7643617056503
13.9500000000001 12.6554515440364
14.0000000000001 12.5474706434051
14.0500000000001 12.4404110749651
14.1000000000001 12.3342649775759
14.1500000000001 12.2290245571714
14.2000000000001 12.1246820861873
14.2500000000001 12.0212299029935
14.3000000000001 11.9186604113318
14.3500000000001 11.8169660797582
14.4000000000001 11.7161394410894
14.4500000000001 11.616173091855
14.5000000000001 11.5170596917537
14.5500000000001 11.4187919631143
14.6000000000001 11.3213626903611
14.6500000000001 11.2247647194848
14.7000000000001 11.1289909575162
14.7500000000001 11.0340343720062
14.8000000000001 10.9398879905089
14.8500000000001 10.84654490007
14.9000000000001 10.753998246719
14.9500000000001 10.6622412349658
15.0000000000001 10.5712671273022
15.0500000000001 10.4810692437066
15.1000000000001 10.3916409611537
15.1500000000001 10.3029757131286
15.2000000000001 10.215066989144
15.2500000000001 10.1279083342625
15.3000000000001 10.0414933486226
15.3500000000001 9.95581568696878
15.4000000000001 9.87086905818539
15.4500000000001 9.786647224835
15.5000000000001 9.7031440027002
15.5500000000001 9.62035326032959
15.6000000000001 9.53826891858752
15.6500000000001 9.45688495020772
15.7000000000001 9.37619537935076
15.7500000000001 9.29619428116523
15.8000000000001 9.21687578135271
15.8500000000001 9.13823405573639
15.9000000000001 9.0602633298335
15.9500000000001 8.98295787843121
16.0000000000001 8.9063120251663
16.0500000000001 8.83032014210834
16.1000000000001 8.75497664934642
16.1500000000001 8.68027601457948
16.2000000000001 8.60621275271004
16.2500000000001 8.53278142544148
16.3000000000001 8.45997664087867
16.3500000000001 8.38779305313211
16.4000000000001 8.31622536192537
16.4500000000001 8.24526831220586
16.5000000000001 8.17491669375906
16.5500000000001 8.10516534082583
16.6000000000001 8.03600913172322
16.6500000000001 7.96744298846829
16.7000000000001 7.89946187640531
16.7500000000001 7.83206080383605
16.8000000000001 7.76523482165327
16.8500000000001 7.69897902297731
16.9000000000001 7.63328854279577
16.9500000000001 7.5681585576063
17.0000000000001 7.50358428506244
17.0500000000001 7.43956098362242
17.1000000000001 7.37608395220104
17.1500000000001 7.31314852982447
17.2000000000001 7.25075009528797
17.2500000000001 7.18888406681662
17.3000000000001 7.12754590172885
17.3500000000001 7.06673109610291
17.4000000000001 7.00643518444613
17.4500000000001 6.94665373936704
17.5000000000001 6.8873823712503
17.5500000000001 6.82861672793434
17.6000000000001 6.77035249439182
17.6500000000001 6.71258539241277
17.7000000000001 6.65531118029046
17.7500000000001 6.59852565250994
17.8000000000001 6.54222463943925
17.8500000000001 6.48640400702323
17.9000000000001 6.43105965647997
17.9500000000001 6.37618752399987
18.0000000000001 6.32178358044721
18.0500000000001 6.26784383106434
18.1000000000001 6.21436431517831
18.1500000000001 6.16134110591007
18.2000000000001 6.10877030988613
18.2500000000001 6.05664806695268
18.3000000000001 6.00497054989212
18.3500000000001 5.95373396414209
18.4000000000001 5.90293454751679
18.4500000000001 5.85256856993076
18.5000000000001 5.80263233312498
18.5500000000001 5.75312217039531
18.6000000000001 5.70403444632326
18.6500000000001 5.65536555650907
18.7000000000001 5.607111927307
18.7500000000001 5.55927001556297
18.8000000000001 5.51183630835435
18.8500000000001 5.46480732273207
18.9000000000001 5.41817960546481
18.9500000000001 5.37194973278551
19.0000000000001 5.32611431013991
19.0500000000001 5.28066997193731
19.1000000000001 5.23561338130347
19.1500000000001 5.19094122983556
19.2000000000001 5.14665023735923
19.2500000000001 5.10273715168779
19.3000000000001 5.05919874838338
19.3500000000001 5.01603183052021
19.4000000000001 4.97323322844981
19.4500000000001 4.9307997995683
19.5000000000001 4.88872842808567
19.5500000000001 4.84701602479691
19.6000000000001 4.80565952685526
19.6500000000001 4.76465589754727
19.7000000000001 4.72400212606983
19.7500000000001 4.6836952273091
19.8000000000001 4.6437322416213
19.8500000000001 4.60411023461541
19.9000000000001 4.56482629693769
19.9500000000001 4.52587754405809
