0 146.717090424417
0.05 145.465247018681
0.1 144.22408479472
0.15 142.993512616821
0.2 141.77344012687
0.25 140.563777737723
0.3 139.364436626627
0.35 138.175328728695
0.4 136.996366730443
0.45 135.827464063376
0.5 134.668534897634
0.55 133.519494135688
0.6 132.380257406091
0.65 131.250741057286
0.7 130.130862151459
0.75 129.020538458453
0.8 127.919688449728
0.85 126.828231292375
0.9 125.746086843182
0.95 124.673175642745
1 123.60941890964
1.05 122.554738534632
1.1 121.509057074942
1.15 120.472297748564
1.2 119.444384428622
1.25 118.425241637781
1.3 117.414794542707
1.35 116.412968948572
1.4 115.419691293604
1.45 114.434888643687
1.5 113.458488687006
1.55 112.490419728735
1.6 111.530610685776
1.65 110.578991081537
1.7 109.635491040758
1.75 108.70004128438
1.8 107.772573124457
1.85 106.853018459115
1.9 105.94130976755
1.95 105.037380105068
2 104.141163098174
2.05 103.252592939694
2.1 102.371604383945
2.15 101.498132741943
2.2 100.632113876656
2.25 99.7734841982904
2.3 98.922180659625
2.35 98.0781407513797
2.4 97.2413024976264
2.45 96.4116044512382
2.5 95.5889856893773
2.55 94.7733858090215
2.6 93.9647449225293
2.65 93.1630036532421
2.7 92.3681031311246
2.75 91.579984988442
2.8 90.7985913554739
2.85 90.0238648562656
2.9 89.2557486044149
2.95 88.4941861988949
3 87.7391217199125
3.05 86.990499724803
3.1 86.2482652439581
3.15 85.5123637767906
3.2 84.7827412877318
3.25 84.0593442022642
3.3 83.3421194029872
3.35 82.6310142257175
3.4 81.9259764556216
3.45 81.2269543233817
3.5 80.5338965013949
3.55 79.8467521000036
3.6 79.1654706637597
3.65 78.4900021677189
3.69999999999999 77.820297013768
3.74999999999999 77.1563060269828
3.79999999999999 76.4979804520176
3.84999999999999 75.8452719495248
3.89999999999999 75.1981325926056
3.94999999999999 74.5565148632909
3.99999999999999 73.9203716490524
4.04999999999999 73.2896562393426
4.09999999999999 72.6643223221655
4.14999999999999 72.0443239806758
4.19999999999999 71.4296156898075
4.24999999999999 70.8201523129308
4.29999999999999 70.2158890985381
4.34999999999999 69.6167816769578
4.39999999999999 69.0227860570964
4.44999999999999 68.4338586232085
4.49999999999999 67.849956131694
4.54999999999999 67.2710357079228
4.59999999999999 66.6970548430867
4.64999999999999 66.1279713910782
4.69999999999999 65.5637435653955
4.74999999999999 65.0043299360745
4.79999999999999 64.4496894266464
4.84999999999999 63.8997813111219
4.89999999999999 63.3545652110007
4.94999999999999 62.8140010923061
4.99999999999999 62.2780492626462
5.04999999999999 61.7466703682989
5.09999999999999 61.2198253913221
5.14999999999999 60.6974756466892
5.19999999999999 60.1795827794482
5.24999999999999 59.6661087619052
5.29999999999999 59.1570158908328
5.34999999999999 58.6522667847009
5.39999999999999 58.1518243809323
5.44999999999999 57.6556519331811
5.49999999999999 57.1637130086344
5.54999999999999 56.6759714853376
5.59999999999999 56.1923915495415
5.64999999999999 55.7129376930727
5.69999999999999 55.2375747107266
5.74999999999999 54.7662676976821
5.79999999999999 54.2989820469387
5.84999999999999 53.8356834467754
5.89999999999999 53.3763378782311
5.94999999999999 52.9209116126069
5.99999999999999 52.4693712089895
6.04999999999999 52.0216835117954
6.09999999999999 51.5778156483367
6.14999999999999 51.1377350264072
6.19999999999999 50.701409331889
6.24999999999999 50.2688065263803
6.29999999999999 49.8398948448423
6.34999999999999 49.4146427932671
6.39999999999999 48.9930191463652
6.44999999999999 48.5749929452724
6.49999999999998 48.1605334952769
6.54999999999998 47.7496103635653
6.59999999999998 47.3421933769879
6.64999999999998 46.9382526198433
6.69999999999998 46.5377584316817
6.74999999999998 46.1406814051271
6.79999999999998 45.7469923837179
6.84999999999998 45.3566624597657
6.89999999999998 44.9696629722334
6.94999999999998 44.58596550463
6.99999999999998 44.2055418829244
7.04999999999998 43.8283641734764
7.09999999999998 43.4544046809859
7.14999999999998 43.0836359464592
7.19999999999998 42.7160307451925
7.24999999999998 42.3515620847732
7.29999999999998 41.9902032030975
7.34999999999998 41.631927566406
7.39999999999998 41.2767088673345
7.44999999999998 40.9245210229831
7.49999999999998 40.5753381730005
7.54999999999998 40.2291346776853
7.59999999999998 39.8858851161035
7.64999999999998 39.5455642842213
7.69999999999998 39.2081471930554
7.74999999999998 38.8736090668371
7.79999999999998 38.5419253411939
7.84999999999998 38.2130716613452
7.89999999999998 37.8870238803143
7.94999999999998 37.5637580571551
7.99999999999998 37.2432504551948
8.04999999999998 36.9254775402898
8.09999999999998 36.610415979099
8.14999999999998 36.2980426373695
8.19999999999998 35.9883345782382
8.24999999999998 35.6812690605477
8.29999999999998 35.3768235371765
8.34999999999998 35.0749756533832
8.39999999999998 34.7757032451651
8.44999999999999 34.478984337631
8.49999999999999 34.1847971433873
8.54999999999999 33.8931200609383
8.59999999999999 33.6039316731003
8.64999999999999 33.3172107454285
8.69999999999999 33.0329362246583
8.74999999999999 32.751087237159
8.79999999999999 32.4716430874015
8.84999999999999 32.1945832564383
8.89999999999999 31.9198874003971
8.94999999999999 31.6475353489868
8.99999999999999 31.3775071040165
9.04999999999999 31.1097828379274
9.09999999999999 30.8443428923361
9.15 30.5811677765922
9.2 30.3202381663464
9.25 30.0615349021315
9.3 29.8050389879562
9.35 29.5507315899096
9.4 29.2985940347787
9.45 29.0486078086772
9.5 28.8007545556858
9.55 28.5550160765047
9.6 28.311374327117
9.65 28.069811417464
9.7 27.8303096101315
9.75 27.5928513190471
9.8 27.3574191081895
9.85000000000001 27.1239956903075
9.90000000000001 26.8925639256513
9.95000000000001 26.6631068207136
10 26.4356075269816
10.05 26.2100493397005
10.1 25.9864156966462
10.15 25.7646901769097
10.2 25.5448564996911
10.25 25.3268985231042
10.3 25.1108002429911
10.35 24.8965457917474
10.4 24.6841194371567
10.45 24.4735055812355
10.5 24.2646887590882
10.55 24.057653637771
10.6 23.8523850151667
10.65 23.6488678188676
10.7 23.4470871050697
10.75 23.2470280574748
10.8 23.0486759862025
10.85 22.8520163267121
10.9 22.6570346387327
10.95 22.463716605203
11 22.2720480312201
11.05 22.0820148429973
11.1 21.8936030868302
11.15 21.7067989280728
11.2 21.5215886501212
11.25 21.3379586534065
11.3 21.1558954543962
11.35 20.9753856846044
11.4 20.7964160896097
11.45 20.6189735280824
11.5 20.4430449708195
11.55 20.2686174997875
11.6 20.0956783071746
11.65 19.9242146944498
11.7 19.7542140714306
11.75 19.5856639553582
11.8 19.4185519699817
11.85 19.2528658446485
11.9 19.0885934134039
11.95 18.9257226140974
12 18.764241487497
12.05 18.6041381764116
12.1 18.4454009248195
12.15 18.288018077006
12.2 18.131978076707
12.25 17.9772694662607
12.3 17.8238808857662
12.35 17.6718010722493
12.4 17.5210188588358
12.45 17.3715231739311
12.5 17.2233030404076
12.55 17.0763475747985
12.6 16.9306459864986
12.65 16.7861875769721
12.7 16.6429617389671
12.75 16.5009579557365
12.8 16.3601658002659
12.85 16.220574934508
12.9 16.0821751086235
12.95 15.9449561602284
13.0000000000001 15.8089080136478
13.0500000000001 15.6740206791761
13.1000000000001 15.5402842523438
13.1500000000001 15.4076889131894
13.2000000000001 15.2762249255392
13.2500000000001 15.1458826362922
13.3000000000001 15.0166524747108
13.3500000000001 14.8885249517185
13.4000000000001 14.7614906592033
13.4500000000001 14.6355402693264
13.5000000000001 14.5106645338374
13.5500000000001 14.3868542833956
13.6000000000001 14.2641004268962
13.6500000000001 14.1423939508032
13.7000000000001 14.0217259184872
13.7500000000001 13.9020874695695
13.8000000000001 13.7834698192711
13.8500000000001 13.6658642577683
13.9000000000001 13.5492621495525
13.9500000000001 13.4336549327964
14.0000000000001 13.3190341187255
14.0500000000001 13.2053912909944
14.1000000000001 13.0927181050691
14.1500000000001 12.9810062876143
14.2000000000001 12.8702476358855
14.2500000000001 12.7604340171273
14.3000000000001 12.6515573679757
14.3500000000001 12.5436096938664
14.4000000000001 12.4365830684475
14.4500000000001 12.3304696329978
14.5000000000001 12.2252615958492
14.5500000000001 12.1209512318152
14.6000000000001 12.0175308816235
14.6500000000001 11.9149929513533
14.7000000000001 11.8133299118777
14.7500000000001 11.7125342983115
14.8000000000001 11.6125987094623
14.8500000000001 11.5135158072875
14.9000000000001 11.415278316355
14.9500000000001 11.3178790233099
15.0000000000001 11.2213107763438
15.0500000000001 11.1255664846702
15.1000000000001 11.030639118004
15.1500000000001 10.9365217060448
15.2000000000001 10.8432073379654
15.2500000000001 10.7506891619042
15.3000000000001 10.6589603844624
15.3500000000001 10.5680142702047
15.4000000000001 10.477844141165
15.4500000000001 10.3884433763563
15.5000000000001 10.2998054112839
15.5500000000001 10.211923737464
15.6000000000001 10.1247919019454
15.6500000000001 10.0384035068359
15.7000000000001 9.95275220883232
15.7500000000001 9.86783171875501
15.8000000000001 9.78363580108578
15.8500000000001 9.70015827351017
15.9000000000001 9.61739300646344
15.9500000000001 9.53533392268055
16.0000000000001 9.45397499674987
16.0500000000001 9.37331025467077
16.1000000000001 9.29333377341498
16.1500000000001 9.21403968049161
16.2000000000001 9.13542215351604
16.2500000000001 9.05747541978231
16.3000000000001 8.9801937558393
16.3500000000001 8.90357148707044
16.4000000000001 8.82760298727704
16.4500000000001 8.75228267826521
16.5000000000001 8.6776050294362
16.5500000000001 8.60356455738033
16.6000000000001 8.53015582547439
16.6500000000001 8.45737344348237
16.7000000000001 8.38521206715976
16.7500000000001 8.31366639786103
16.8000000000001 8.24273118215064
16.8500000000001 8.17240121141726
16.9000000000001 8.10267132149133
16.9500000000001 8.03353639226585
17.0000000000001 7.96499134732043
17.0500000000001 7.89703115354853
17.1000000000001 7.82965082078791
17.1500000000001 7.76284540145421
17.2000000000001 7.69660999017763
17.2500000000001 7.63093972344279
17.3000000000001 7.56582977923158
17.3500000000001 7.50127537666908
17.4000000000001 7.43727177567253
17.4500000000001 7.37381427660331
17.5000000000001 7.31089821992177
17.5500000000001 7.24851898584518
17.6000000000001 7.18667199400845
17.6500000000001 7.12535270312784
17.7000000000001 7.06455661066748
17.7500000000001 7.00427925250876
17.8000000000001 6.94451620262257
17.8500000000001 6.88526307274427
17.9000000000001 6.82651551205148
17.9500000000001 6.76826920684464
18.0000000000001 6.7105198802302
18.0500000000001 6.65326329180666
18.1000000000001 6.59649523735312
18.1500000000001 6.54021154852065
18.2000000000001 6.48440809252616
18.2500000000001 6.42908077184898
18.3000000000001 6.37422552392997
18.3500000000001 6.3198383208732
18.4000000000001 6.26591516915024
18.4500000000001 6.21245210930687
18.5000000000001 6.15944521567237
18.5500000000001 6.10689059607127
18.6000000000001 6.05478439153755
18.6500000000001 6.00312277603129
18.7000000000001 5.95190195615772
18.7500000000001 5.90111817088872
18.8000000000001 5.85076769128657
18.8500000000001 5.80084682023027
18.9000000000001 5.75135189214392
18.9500000000001 5.70227927272771
19.0000000000001 5.65362535869095
19.0500000000001 5.60538657748755
19.1000000000001 5.55755938705368
19.1500000000001 5.51014027554767
19.2000000000001 5.46312576109216
19.2500000000001 5.41651239151845
19.3000000000001 5.37029674411296
19.3500000000001 5.32447542536598
19.4000000000001 5.27904507072243
19.4500000000001 5.23400234433484
19.5000000000001 5.1893439388184
19.5500000000001 5.14506657500811
19.6000000000001 5.10116700171799
19.6500000000001 5.05764199550235
19.7000000000001 5.01448836041914
19.7500000000001 4.9717029277952
19.8000000000001 4.92928255599367
19.8500000000001 4.88722413018327
19.9000000000001 4.84552456210958
19.9500000000001 4.80418078986829
