0 1
0.0752407370336334 0.962415127357443
0.148323937316878 0.926109771570389
0.220678973608565 0.890554204533696
0.292924128024832 0.855624044034208
0.365385563815489 0.821346182447242
0.438286566871241 0.787807016406003
0.511820273706525 0.755119291509162
0.586180227227773 0.723410937228198
0.661576232386467 0.692822457171816
0.738246244160713 0.663508004522028
0.816469142983075 0.6356385686708
0.896581637616301 0.609407095422378
0.977731623931423 0.585391092200745
1.05788550091408 0.564348158668193
1.13650391619743 0.546425148889427
1.21360984897649 0.531568050738354
1.28940371023033 0.519676311861477
1.36412170659929 0.51065267090976
1.43799023418026 0.504415735007013
1.51121530625451 0.500900804124505
1.58398363272331 0.500057734810767
1.65646692864158 0.501848586632479
1.72882667698011 0.506245763394291
1.80121860956257 0.513230744187316
1.87379686773706 0.52279335109342
1.94671802938861 0.534931496272031
2.02014526671079 0.549651387474989
2.0942529521757 0.566968220112885
2.16923211087257 0.586907444574664
2.24529726234002 0.6095067799535
2.32269545277817 0.634819270764519
2.40171873749841 0.662917891415039
2.48272221196282 0.693902573354981
2.5642710429195 0.727122974867639
2.64466028548336 0.761647108715069
2.72348422803786 0.796995157148947
2.80081393191869 0.832899421724411
2.87686469774634 0.869185041134873
2.95187598872266 0.905716346946658
3.02607403706289 0.942373900013
3.09966420935116 0.979044807163463
3.1728330574232 1.01561851046116
3.2460359858885 1.05212549362155
3.31990817524687 1.08868251295675
3.39477629916171 1.12523783012066
3.47086003153259 1.16166661584667
3.54834970934381 1.19780565752814
3.62743913027285 1.23346496589139
3.70834276163113 1.26843019385166
3.79130889224885 1.30246094178738
3.87663404172682 1.33528655280278
3.96436594096318 1.36649191628393
4.05078336846353 1.39447471594486
4.13484233611246 1.41887078126354
4.21653647143155 1.4397475833594
4.29617580552297 1.45727679709549
4.37412198434629 1.47162706647639
4.45070731999901 1.48293780533806
4.52621914050705 1.49131829263558
4.60090424878343 1.4968527890488
4.6749778240382 1.49960585951002
4.74863199145389 1.49962654668437
4.82204301522126 1.4969513410458
4.8953772150404 1.49160617633996
4.96879598206485 1.48360767232637
5.04246028963227 1.47296377698386
5.11653506515128 1.45967388865528
5.19119377997228 1.44372847385367
5.26662364893823 1.42510813227046
5.34303192991986 1.40378198472603
5.42065400805519 1.37970515393465
5.49976430300069 1.3528149409573
5.58069167912129 1.32302501349651
5.66384224023841 1.29021639511991
5.74973476123134 1.25422300846573
5.83659508653763 1.21591907685718
5.92196739756805 1.17668344624774
6.00514646817898 1.13721577672948
6.08609557987882 1.09789298525701
6.1649956645117 1.05894660034905
6.24207738172968 1.02054192320245
6.31756552098463 0.982811568273286
6.39198664008519 0.945709473596718
6.46602283804692 0.90909724385552
6.54002971329875 0.872997327396483
6.61424289985945 0.837495236766015
6.68885742375594 0.802703467488592
6.76406042014223 0.768748829612406
6.84004698345069 0.735768890952254
6.91703061471151 0.703912201792106
6.99525309080463 0.673340432896727
7.07499639201973 0.644231965275912
7.15659904965938 0.616787158206806
7.24021131841143 0.591313465340887
7.32305648297856 0.568889364604452
7.40431793509221 0.549766020959725
7.48394244773567 0.533909462607644
7.56212749426851 0.521212942572662
7.63912844904048 0.511567568116939
7.71519481320299 0.504881163579092
7.79055412618434 0.501080453477624
7.86541197847168 0.500108843972782
7.93995664784395 0.501923689330288
8.01436452817156 0.506494084204109
8.08880529386338 0.513799346895564
8.16344669747738 0.523828140111704
8.23845920829655 0.53657816053079
8.31402080689876 0.552056370911736
8.39032232099953 0.570279809011493
8.46757379227299 0.591277083562728
8.54601255212722 0.615090772631502
8.62591402361639 0.641781102577506
8.70760688159483 0.671431562214093
8.79149535221686 0.704157610741287
8.87517999045704 0.738877326461198
8.95741553285563 0.774777498620981
9.03799376975078 0.811432188325172
9.11706725827588 0.848593326257661
9.19488593354786 0.886089641778755
9.27170603995457 0.923781902786505
9.34776432713667 0.961543894625875
9.42327498214899 0.999254370379224
9.49843353291461 1.03679345364145
9.57410275384814 1.07437715041212
9.65071245334763 1.1119933220311
9.72852574547758 1.14952664749738
9.8077539914233 1.18681121081919
9.88860364639467 1.22364880432989
9.9712989283736 1.25981378394029
10.0560972493941 1.29505215691947
10.1433047809198 1.32907748600629
10.2332966488607 1.36156402699101
10.3225656015018 1.39089909392371
10.4095192541902 1.41648210882777
10.4939810362769 1.43832052126719
10.5762358027484 1.45658582162649
10.6566654124209 1.47146114258007
10.7356317574194 1.48310078433626
10.8134500701012 1.4916259202637
10.8903910714563 1.4971295818706
10.9666902362503 1.49968257535768
11.0425573392972 1.49933824602371
11.1181846238759 1.49613588049199
11.1937535664455 1.49010297663751
11.2694406370382 1.48125663233792
11.3454225134324 1.46960422780531
11.4218811888905 1.45514349049231
11.4990094146103 1.43786195115682
11.5770169767944 1.41773571695905
11.6561384550381 1.39472738563229
11.736643394521 1.3687827766355
11.8188503511052 1.3398259125436
11.9031472486374 1.30775125151152
11.9900223884394 1.27241134399778
12.0799807943535 1.23365541681474
12.1690546765866 1.19341792649348
12.2559355139585 1.15269132181828
12.3403940945068 1.11199348909698
12.422575573243 1.07162415379925
12.5027264076334 1.03178459763202
12.5810998995924 0.992629439257941
12.6580713679912 0.954217494405979
12.7345069566282 0.91634085035
12.8108404690688 0.879002352721141
12.8873461983923 0.842286958746499
12.9642429411267 0.806314137427042
13.0417363278823 0.771220937580135
13.1200387448187 0.737156968574003
13.1993818847071 0.704284283283325
13.2800281821836 0.672779679465916
13.3622844552163 0.642838770541209
13.4465206358388 0.61468206469141
13.5327422784669 0.588693256991567
13.6181105780946 0.565971799104286
13.7018092002941 0.546762876955574
13.783804817708 0.531021133873169
13.8643178006291 0.518629871095387
13.9436245165104 0.509472929318162
14.0219928909759 0.503453237969071
14.0996669013935 0.500494459087993
14.1768674061343 0.500538347143567
14.2537975568014 0.503541753617049
14.3306489338846 0.509474292028056
14.4076073936222 0.518316802656303
14.4848585894983 0.530060551652506
14.562593454721 0.54470710021706
14.6410140604275 0.5622688397537
14.720340375261 0.58277027251791
14.8008186312884 0.606250228522
14.8827323263885 0.632765374527419
14.9664174886947 0.662395643745104
15.0522849446473 0.695252705443273
15.1389303806007 0.730682750864796
15.2243405600502 0.76758640512136
15.3080341415694 0.805393646789679
15.3900933116799 0.843786817835687
15.470769566815 0.882559129852559
15.5503419149495 0.921550276046001
15.6290734207369 0.960618756062576
15.7072029327968 0.99963019407956
15.7849481155218 1.0384522370203
15.863246484383 1.07731504698208
15.9425590600073 1.11619708964711
16.0231719638263 1.15496649321457
16.1053182562171 1.19343618994986
16.1892281638854 1.23138286527021
16.2751541364457 1.2685515905365
16.3633888206446 1.30465415431782
16.4542841198536 1.33936368131134
16.5475904581156 1.37207678147665
16.6393406801882 1.40108913813004
16.7284714220587 1.42604422573562
16.8150294164512 1.44704325171652
16.8993879161168 1.46428900522419
16.9819640736168 1.47797291675896
17.0631358997116 1.48824979017181
17.1432287380961 1.49523885517968
17.2225223594033 1.49903045066288
17.3012620990076 1.49969236593678
17.3796692105834 1.49727460339009
17.4579495429968 1.491812633105
17.5363008148835 1.4833294477664
17.6149190250941 1.47183667511361
17.6940045561793 1.45733489881289
17.773768525729 1.439813232123
17.8544399966605 1.41924808208583
17.9362748193354 1.39560091611433
18.0195672098993 1.36881466416853
18.1046657963345 1.33880809824672
18.1919970531899 1.30546700733092
18.2821013951014 1.26862996865214
18.3752108399908 1.22827842421243
18.4672771709275 1.18643338579379
18.5569905191421 1.14413597931559
18.6441451067267 1.10193187061362
18.7289131736506 1.06013850222369
18.811565684847 1.01897008602636
18.892377025093 0.978591648020782
18.9720284376487 0.938928426472986
19.0512788241713 0.899848949099298
19.1305354701367 0.861395276769033
19.2100773168474 0.823678556296684
19.2901417475316 0.786840682861799
19.3709614789772 0.751041239390648
19.4527837762738 0.716454442971701
19.5358846630854 0.683270471690909
19.6205838811251 0.651699335442462
19.7072644211549 0.621977098223514
19.7964010059693 0.594375252510968
19.8853181642777 0.570050138539261
19.9726339085999 0.54946802254142
20.0581345533765 0.532639272199851
20.1420088476254 0.519447695369393
20.2245507238992 0.509763873277991
20.3060580328933 0.503476895671057
20.3868050536375 0.50049929724713
20.4670403591775 0.500764698108918
20.54699226128 0.504224381462322
20.6268758421983 0.510844511453439
20.7068998857073 0.520604297418638
20.7872735191745 0.533495061476645
20.868212888767 0.549520143253348
20.9499483987063 0.568695649659283
21.0327332216103 0.591052171450741
21.1168540646087 0.616637747515162
21.2026456823946 0.645522604571626
21.2905115780978 0.677806625487037
21.380955177009 0.713631299802138
21.4707228123111 0.75150350614389
21.558728867658 0.790576877263014
21.6448812752935 0.830399257237001
21.7294157119008 0.870698225176636
21.8126439520388 0.911277960070667
21.894871229116 0.95197379011663
21.9763759663859 0.992632940056196
22.0574103740499 1.03310632058903
22.1388675208821 1.07357125124017
22.2213444364979 1.11404438229034
22.3051911180965 1.15439321120061
22.390679325058 1.19441306423046
22.4780710947769 1.23385390765173
22.5676518957729 1.27242741272096
22.6597534816475 1.3098054133776
22.7547776484467 1.34561338475684
22.8517340838782 1.37893288926159
22.9468315017972 1.40815748444352
23.0391346157495 1.43299809495375
23.1287707961112 1.45359443910989
23.2161643592005 1.4701701202976
23.3017672316923 1.48292769654778
23.3859836353981 1.49202782220336
23.4691608426678 1.49759252793206
23.5515987247241 1.49971298523046
23.6335624410576 1.49845634365441
23.7152939367457 1.49387067649551
23.7970216310128 1.485988226887
23.8789687490352 1.47482730636309
23.9613609833394 1.46039310228635
24.0444342065966 1.4426775101204
24.128443015798 1.42165796175073
24.2136710657011 1.39729505751157
24.3004445382591 1.36952858610529
24.3891508564878 1.33827115660527
24.4802662309199 1.30339801615866
24.5743986138024 1.26473034230849
24.6715238949224 1.22238040670766
24.7674312873309 1.178503269672
24.8607857632721 1.13421515396127
24.9514046593549 1.09010347252561
25.0394941162603 1.04651132767316
25.1253576174203 1.00367105528621
25.2092981687448 0.961761969278179
25.2923985631182 0.920536790111094
25.375281361061 0.879965754454682
25.4583221503253 0.840144187309434
25.541809400133 0.801219771282004
25.6260092479731 0.763366548661568
25.711195859987 0.726777162763882
25.7976705830105 0.69166269868778
25.8857797073863 0.658256401619131
25.9759363791302 0.62682042863552
26.0686520269017 0.597656314517251
26.1618450784536 0.571825518710766
26.2535220060086 0.55003978807912
26.3432741148812 0.532371362252432
26.4312593375009 0.518704021025683
26.5177950681111 0.508893395716271
26.603216060307 0.502813545000549
26.687833882632 0.500365447879807
26.7719318050218 0.501474844712655
26.8557705846919 0.506088291888439
26.9395968017442 0.51416989858378
27.0236513458993 0.525699230749507
27.1081777511976 0.540670366277476
27.1934308127384 0.559092049520889
27.2796862537558 0.580989002370104
27.3672525292492 0.606404627465591
27.4564863731011 0.635405607792381
27.5478146707755 0.668089355121645
27.6417671472326 0.704596089469081
27.7361982747716 0.74391359053634
27.8290778395181 0.784812701674377
27.9199957703424 0.82664687192686
28.0091198500778 0.869047504873458
28.0967793432589 0.911766962769477
28.1833201999817 0.954607095105635
28.2690641468168 0.997388584200599
28.3543039067697 1.03993795128589
28.4401457892626 1.08249387216646
28.5271940621166 1.12502579222073
28.615825036701 1.16735607191863
28.7063482132344 1.20923125979091
28.7990741053962 1.25034590793743
28.8943501579629 1.29034721703379
28.9925892891416 1.32883065232018
29.0943033519722 1.36532933745028
29.1955754143439 1.39791783787288
29.2941161545913 1.42571579388122
29.3896483008669 1.44872406262206
29.4825504650562 1.46717579754202
29.5733357768541 1.48131551025804
29.6624879139556 1.49134344778728
29.7504263387005 1.4974117822957
29.8375116489309 1.49963299292659
29.9240601905183 1.49808869958987
30.0103586478249 1.49283631519802
30.0966766533964 1.48391343393045
30.1832777000881 1.471340368905
30.2704292221545 1.45512118434093
30.3584128563526 1.43524337594422
30.4475360338149 1.41167613592216
30.5381463824114 1.38436687918392
30.6306511216911 1.35323533154825
30.7255450438062 1.31816383866612
30.8234535455968 1.27898131868904
30.9252033544576 1.23543566066067
31.0271368069438 1.18937010301154
31.1267050169118 1.142472164708
31.2233120804413 1.09561592586173
31.3170717988379 1.04928423796565
31.4083050510139 1.00378217848352
31.4973621261335 0.959332478732831
31.5854802276575 0.915667695055305
31.6733738994531 0.872765957747072
31.7614808156463 0.830746481560421
31.850142407254 0.789788831754202
31.939678270186 0.750104450155782
32.0304225347035 0.711928833345038
32.1227486636777 0.675522636525668
32.2170944920299 0.641177805536942
32.3139952368195 0.609228289437271
32.41334433322 0.58028078585802
32.5115786869288 0.555727249193927
32.6077338413468 0.535840821164002
32.7018403987458 0.520529214055785
32.7942373449951 0.509623315387819
32.8853214298889 0.502966802906367
32.975470377446 0.500435982379131
33.0650283437995 0.501939071830981
33.1543112511694 0.507411288032188
33.2436172972105 0.516810452963683
33.3332382446196 0.530114158768772
33.4234707623262 0.547318561524487
33.5146284033553 0.568438767282923
33.6070554231289 0.593510941598754
33.7011442546704 0.622596580864134
33.7973594929539 0.655789881328123
33.8962732659861 0.693230034619343
33.9973342154455 0.734577128812745
34.0971404397761 0.778070598327466
34.1948137130201 0.822775839708268
34.2904287951535 0.868178026628323
34.3843493153285 0.913950075949579
34.4769884114645 0.959842188742864
34.568737134446 1.00563363346376
34.6600805745565 1.05117602271327
34.7522830097699 1.09671248662233
34.8459873106467 1.14214648105998
34.9416244989074 1.18722850426263
35.0395734714409 1.23162282536331
35.1402326300572 1.27492771324289
35.2440637463555 1.31667587918645
35.3516340489063 1.35632407538357
35.4607457864286 1.39232965084444
35.567350959702 1.4230040444922
35.6706146696427 1.44814061520767
35.7708422920064 1.46797427712969
35.8686222129282 1.48279835450487
35.9645406633132 1.49285943068298
36.0591121501322 1.49834348715615
36.1527793209405 1.49938509768453
36.2459304649644 1.4960788866732
36.3389186495431 1.48848829605416
36.4320788133263 1.47665121950861
36.5257430037708 1.46058299333753
36.6202550510262 1.44027716169053
36.7159863670201 1.4157041189766
36.8133550195534 1.38680732774441
36.9128511880626 1.35349625065692
37.0150741214365 1.31563419884238
37.1207899972387 1.27301747201365
37.2310297041327 1.2253381495249
37.3409537985477 1.17507136194136
37.4480152275585 1.12407758435111
37.5517087629743 1.07332807037118
37.652247668124 1.02336547706241
37.7500396582468 0.974537543314922
37.8461258365855 0.926796030815498
37.9416799599342 0.879988150551059
38.0373575970541 0.834217345697087
38.1336293580472 0.789694116253962
38.2309148010247 0.746682391876734
38.3296449743227 0.705483527179986
38.4303024524679 0.666436436728316
38.5334603929544 0.629926666945565
38.6398346647332 0.596403595357937
38.747685657727 0.56707525875593
38.8538944742849 0.543108751997332
38.9577819749281 0.524646024510903
39.0595541487678 0.511528451198375
39.1596661146702 0.503556369392526
39.2586021420841 0.500561926848581
39.3568157183397 0.502420666968876
39.4547247438162 0.50904713974194
39.5527234652776 0.520388685540658
39.6511986678471 0.536421095527843
39.7505471548778 0.557146840976877
39.8511950547002 0.582596002077964
39.9536211613255 0.6128302752792
40.058388135946 0.647951099757756
40.1661882021757 0.688114167373187
40.2777394877825 0.733480530660342
40.3881931911141 0.781666147127795
40.4962256632533 0.831373288424571
40.6018795249142 0.88189131811499
40.7056158407914 0.932776876740762
40.8079708258188 0.983695154990349
40.9094547513276 1.03434964508627
41.0113934823106 1.08487407022091
41.1149191701926 1.13527991938763
41.2207083020597 1.18528686567934
41.3293055358589 1.23446070077506
41.4412627122006 1.28225732889676
41.5572183766364 1.32802717879293
41.6779706792149 1.37099814839566
41.7990818071961 1.40866832049473
41.9168651417768 1.43956482809166
42.0308487253364 1.46366874838203
42.1416064616835 1.48132818463433
42.2499176272463 1.49289410227734
42.3565126272477 1.49863710821699
42.4620268575897 1.4987473410384
42.5670162598842 1.49335076220427
42.6719859693242 1.48252365608214
42.7774188487078 1.46630199593926
42.8838024049772 1.44468592524033
42.9916563374473 1.41763986689918
43.1015646566367 1.38508810073203
43.2142183589936 1.34690451246094
43.3304788410483 1.30289327476626
43.4514817999528 1.25275325077606
43.5773926425562 1.19666716242186
43.7014792027646 1.13834411072215
43.8217224382629 1.07979000534529
43.9379873136264 1.02206953286156
44.0507382741557 0.965802258769027
44.1615246201981 0.910935109235808
44.2718797457118 0.857367008883685
44.3827151387726 0.805313993661579
44.494733132351 0.755136066670652
44.6086029662412 0.70727865714303
44.725056930828 0.662262067787589
44.8449714169598 0.620695610411178
44.9694711312714 0.583312315484626
45.0951243734733 0.552125464508596
45.218661411167 0.528346724908312
45.3396007998273 0.512030069718237
45.4584168005602 0.502940952205717
45.5758222787262 0.500844100491247
45.6925413029818 0.505571918889347
45.8092629516758 0.517028141975691
45.9266552959858 0.535178952119507
46.0453987221804 0.560046506436798
46.1662286920025 0.591708663633407
46.2899907115473 0.630306649928278
46.4177186408992 0.676063872945143
46.550759896661 0.729323542593517
46.685522671456 0.78814387706016
46.8182470176227 0.849833325609969
46.9484187140546 0.9129073825298
47.0766351303847 0.976478477884068
47.203773707607 1.03989796151144
47.3319844563665 1.10319574243711
47.4633101746468 1.1662650072802
47.5991001171061 1.22845279468409
47.7405835616345 1.2887553380786
47.8891637219601 1.34584747248888
48.0466685480575 1.39801882008476
48.2036934920686 1.440221060234
48.3566002801527 1.47091244266108
48.5057787663404 1.49026878244787
48.6527384805702 1.4986893982201
48.7991416089027 1.4963878883837
48.9466116426388 1.4833330003249
49.0967990659894 1.45925629629373
49.2515430696219 1.42364177483398
49.4131201575768 1.37566648226275
49.5846672208307 1.31405343209409
49.7710414625942 1.23673330536129
49.9809865488595 1.13996448341933
50 1.13083313613394
