0 1
0.0757593188466185 0.9621845550029
0.149398455640102 0.925684433330578
0.222336812075182 0.889974021363028
0.295189843350703 0.854931507306177
0.36828415501379 0.820585651517426
0.441845432247416 0.787024509263152
0.516070796998626 0.754362575954282
0.591159427307005 0.722729834828159
0.667328759772343 0.692269344747947
0.744827011277381 0.663138552707262
0.823946987692076 0.635512812499982
0.905044670814741 0.609591010561131
0.986621317847025 0.586130225702734
1.06701676384794 0.565724087159277
1.14584150097791 0.548459730730871
1.22317133713809 0.53426525974115
1.2992224967232 0.523036778425414
1.37423441075925 0.514678073477119
1.44843325592752 0.509109823159645
1.52202455380858 0.506269469280178
1.5951952311224 0.506108917172013
1.66811816649281 0.508592245380053
1.74095697975283 0.51369395921461
1.81387051442858 0.52139783583238
1.88701703904712 0.531696302111093
1.96055837906757 0.544590295257624
2.03466426203964 0.560089597010269
2.10951721849449 0.578213685190559
2.18531847832647 0.598993213207883
2.26229547634695 0.622472322088819
2.34071188932459 0.648712136363992
2.4208816794946 0.677796043745751
2.50318964081955 0.709837808699969
2.58513071205893 0.743722376775428
2.66562962634432 0.778722573571473
2.74452789060256 0.814456962519679
2.82198193267332 0.850701505086825
2.89823081637706 0.887299921308715
2.97351650266722 0.924124246491506
3.04806157896206 0.961058111182494
3.12206691633971 0.997989666786739
3.19571537680764 1.03480842347155
3.26980789316407 1.0717168562807
3.34476670906965 1.10871964417211
3.4208432914833 1.14571936583591
3.49823382820816 1.18256978845214
3.57712555291823 1.21909473693825
3.65771818560046 1.25509357202172
3.74023737490344 1.29034109362916
3.82494717621401 1.32458461389941
3.9121653582966 1.35753886771114
4.00084673614067 1.38840121134346
4.08794096302279 1.41588871605557
4.17267511502576 1.43975303416419
4.25512621599626 1.46008927276809
4.33561757763251 1.47706729148473
4.41450285051883 1.49084681915532
4.49210247056971 1.50155829790405
4.56869327969254 1.50930364955775
4.644514081492 1.51416144206911
4.71977439950129 1.51619188896402
4.79466265597227 1.51544068849595
4.86935302240466 1.51194172480054
4.94401110792591 1.50571885613209
5.01879886223657 1.49678699155752
5.09387907890021 1.48515258769714
5.16941986283569 1.47081362758864
5.24559942957606 1.45375907928455
5.32261165692072 1.4339677644865
5.40067293487998 1.41140648360299
5.48003109756564 1.38602712146201
5.56097765090985 1.35776225961338
5.64386529690527 1.32651847306989
5.7291342506338 1.29216583602113
5.81735385710062 1.25452084735635
5.90525391201345 1.21516494314522
5.99119102145474 1.17519000313679
6.07479052819466 1.1351571387326
6.15613597308037 1.09538163031736
6.23544674465564 1.05606815116153
6.31296279839412 1.01736979034822
6.38890909330978 0.979412845747133
6.46387739816659 0.942114540735628
6.53851692390733 0.905352198176178
6.61317176307123 0.869155298804149
6.68807492657038 0.833613164898826
6.76342316265923 0.798841064334372
6.83940812930377 0.76496847618611
6.9162319316152 0.732136003012936
6.99411787800849 0.700495925094564
7.073321131735 0.670214681864531
7.15414198621687 0.641476921272628
7.236944436304 0.614491459162005
7.32092983094194 0.589846406516447
7.40388130469555 0.568366458243905
7.48520988289517 0.550209352150515
7.56494077207626 0.535314127296369
7.6432926870569 0.523570136623862
7.72052312304043 0.514871308526904
7.79687879423957 0.509129601052582
7.87258437670551 0.506275697566668
7.94784393544307 0.506256567809544
8.02284583992449 0.509032866648562
8.0977681654626 0.514576925537004
8.17278380869947 0.522871428451994
8.24806530876059 0.533908712390576
8.32378961699051 0.547690637002236
8.40014315644966 0.564229017133434
8.47732759548175 0.583546678468209
8.55556689286737 0.605679282797117
8.63511641092175 0.630678194271407
8.71627532259286 0.658614858527246
8.79940432464643 0.68958751632114
8.88412565039583 0.72339156822393
8.96792574761702 0.758817721981098
9.05010442854799 0.795243023498086
9.13065499949909 0.832330786427551
9.20979275692834 0.86987194357991
9.28778008413629 0.907711574531572
9.36486979980654 0.945717042425853
9.44129177050984 0.983764549725693
9.5172539182685 1.02173338171233
9.59335518585726 1.05970621502381
9.67021818065301 1.09777347573302
9.74817482850487 1.1358641737885
9.82745734012131 1.17383523687434
9.90827259434615 1.2115038410363
9.99083434684244 1.24865786058365
10.0753810667524 1.28505747512859
10.1621905491857 1.32043264204868
10.2515967339218 1.35447781482405
10.3430722480601 1.38652969693295
10.4330266754683 1.41505454870687
10.5205061416306 1.43973254683932
10.6055581547344 1.46065483937907
10.688525591581 1.4780050496126
10.7697919418235 1.49195776364701
10.8497057445572 1.50265528835915
10.9285677361561 1.51020818133994
11.0066368292405 1.51470105092063
11.0841399288793 1.51619819703961
11.1612811425623 1.51474791717137
11.2382495070949 1.51038550219416
11.3152254284229 1.50313518263896
11.3923862786326 1.49301125461127
11.469911610096 1.48001852979268
11.5479884309811 1.46415216872377
11.626817007622 1.44539687499889
11.7066177502508 1.42372533831537
11.7876399362387 1.39909569587005
11.870173397532 1.37144760000219
11.954564985618 1.34069617134084
12.0412429243491 1.30672254994511
12.130754736014 1.26935863929583
12.221682124318 1.22932952410079
12.3111123859184 1.18823152522982
12.3981847012045 1.14687755039763
12.4828316443789 1.10570164960312
12.5652467309667 1.06496601494157
12.6456848330758 1.02485458324213
12.7243958426999 0.985512929412044
12.8018897360584 0.94692494317274
12.878951967195 0.908920901523413
12.9559871495721 0.871519640577266
13.0332607568014 0.834813856922208
13.11099185751 0.798927919328737
13.1893914554124 0.764003146570895
13.2686813025504 0.730193799215365
13.3491066648216 0.697667575037857
13.430948836863 0.666608475971667
13.5145407910745 0.637221602456523
13.6002893135469 0.609740318142976
13.686856560447 0.584934081265573
13.7722024988402 0.563545280250315
13.8558325515997 0.545690104636862
13.9378228321612 0.531287392143962
14.0184222819809 0.520216509095966
14.0979090358093 0.512366349413856
14.1765460685554 0.507646436230869
14.254572476601 0.505986580131128
14.3322062757167 0.507333992322044
14.4096501956346 0.51165051400697
14.487097782143 0.518910588905659
14.5647391979916 0.529100023411891
14.6427668225706 0.542215466080697
14.7213809946701 0.558264566655986
14.8007963655385 0.577266846477055
14.8812494707842 0.599255408569827
14.9630083719997 0.624279750763597
15.0463856589368 0.652410156452302
15.131756915225 0.683744501560983
15.2195050864468 0.718385050386536
15.3064820938182 0.754899496473815
15.3917599232662 0.792543124305332
15.4752788889613 0.830917748465238
15.5572630203232 0.869781883966805
15.6380004614541 0.908960777097695
15.7177715483785 0.948306994054718
15.7968312424672 0.987683759630782
15.8754097275829 1.02695786175542
15.9542406138103 1.06625598507824
16.0339408770986 1.10563993366867
16.1148522950988 1.14501433336932
16.197224408442 1.18421131359538
16.2812868170402 1.22302080128469
16.3672817043225 1.26119974273926
16.4554833629842 1.29847259647792
16.5462158144499 1.33452743943927
16.6398745062303 1.36900873454097
16.7339779501035 1.4005608722686
16.8259659190436 1.42814721219793
16.9153333108657 1.45164748641679
17.0022961116454 1.47121769642182
17.0872536250025 1.48705634103445
17.1706063014077 1.49933689257881
17.2527080450601 1.50819644193001
17.3338632579599 1.51373985831102
17.4143360712843 1.51604641354124
17.494361160252 1.51517538245119
17.5741533155663 1.51117007720682
17.6539154716246 1.50406051814041
17.7338456002096 1.49386502793959
17.8141430185492 1.48059095459406
17.8950146690255 1.46423462134982
17.9766819548078 1.44478049533725
18.0593888240921 1.42219945074975
18.1434120400596 1.39644585146107
18.2290750467708 1.3674529461421
18.316767732832 1.33512566968005
18.4069761181558 1.2993291961979
18.5003295045243 1.25987007289305
18.5943694706944 1.21797345348871
18.6865379979584 1.17516656581991
18.7761489217238 1.13223131115028
18.8632188983693 1.08959276329487
18.9479849212335 1.04751430172555
19.0307277564361 1.00618498763787
19.11171568069 0.965756607967722
19.1918871440373 0.926016414864165
19.2718414005539 0.88691202313608
19.3519283827219 0.848517740173295
19.4324097148229 0.810959709925927
19.513522859108 0.77438894105872
19.5955100525611 0.73897280509359
19.678635377812 0.704894032900928
19.7631995205745 0.672353284641512
19.8495571203295 0.641574207240699
19.938140835038 0.612811251925765
20.0281523327995 0.586726344755345
20.1170254242891 0.564280942444508
20.2040899694871 0.545650690490763
20.289390176964 0.53075709603026
20.3731917693341 0.519467447769388
20.4558020904163 0.511657660403658
20.5375138521305 0.50722691464853
20.6185934939736 0.506097662937477
20.6992840436802 0.508212333083219
20.7798118272453 0.513530120857033
20.8603936680083 0.522024675109515
20.9412438193981 0.533682742680273
21.0225807701236 0.548503701711485
21.1046343825764 0.566499954208256
21.187654009386 0.587698249844473
21.271918465481 0.61214215510851
21.357749140975 0.639896092513711
21.4455282975825 0.671051723518577
21.5357260397174 0.705738084160274
21.6264936479612 0.743098824469669
21.7158521477741 0.78199147944481
21.8033725817373 0.821819664501564
21.8891852452441 0.862246957731651
21.9735813149142 0.903050491758109
22.0568723135598 0.944054397437473
22.1393489005648 0.985101250894368
22.2212746107078 1.02604001170866
22.3034167032668 1.0669820610556
22.3864808259298 1.10800125528096
22.4708562584073 1.14899057763043
22.5568266315111 1.1897590188082
22.644653458039 1.23006608729472
22.7346142010001 1.26963205506382
22.8270258266478 1.30813800604068
22.9222669199868 1.34522054299363
23.0208058889138 1.38046212242562
23.1185053918059 1.41194234674593
23.2135678218213 1.43898619764234
23.305832498246 1.46162401802651
23.3956601350452 1.48006707945917
23.4835117622738 1.49453180949175
23.5698176531253 1.50519599726955
23.6549503174974 1.51219624808463
23.7392297003296 1.51563517540509
23.8229357073961 1.51558894275968
23.9063205424603 1.51211302442976
23.9896192485925 1.50524611413039
24.0730586539911 1.49501252799725
24.1568653764463 1.4814234094046
24.2412736183067 1.46447690685062
24.3265335241541 1.44415734870858
24.4129210062545 1.4204332800676
24.5007502570388 1.39325402395627
24.590390797693 1.36254411797301
24.6822921331289 1.32819443298489
24.7770215140194 1.29004773341983
24.8753254365249 1.24787424447212
24.9733368395091 1.20359305632901
25.0689864193559 1.15862590376101
25.1618228016277 1.11370835352004
25.25197434416 1.06925157638672
25.3397355440642 1.02551970640963
25.4254215720641 0.982708200220255
25.5096921897515 0.940795298129727
25.5934778205508 0.899602102400554
25.6772690623719 0.859167585063434
25.7613969882416 0.819617435915524
25.8461419368425 0.781116097030161
25.931779998878 0.743850581476791
26.018607725257 0.70802695937541
26.1069611602152 0.673872539000544
26.1972368588869 0.641641593132491
26.2899205907679 0.611624682339218
26.3842219051273 0.584540191039031
26.4773127162822 0.561453479424883
26.5684636147394 0.542553023427361
26.6577349935935 0.527746561498754
26.7454294183642 0.516884748967642
26.8318929005927 0.509830371833176
26.9174538751625 0.506473715223056
27.0024115229188 0.506731947917596
27.0870399290023 0.510545147762573
27.1715963600093 0.517872658085382
27.2563300719588 0.528690606352458
27.3414909546064 0.542990637039565
27.4273383268877 0.560779795496636
27.5141506085648 0.582081588368925
27.6022369104774 0.606938416147263
27.6919520634555 0.635415827580434
27.7837174873512 0.667609459844002
27.8780520135118 0.703656280137569
27.973509591863 0.742858015477923
28.0675860113232 0.78383397316333
28.159694593301 0.82585989142204
28.2499524488636 0.868531759450897
28.3386833885918 0.911586582322577
28.42624126535 0.954819468248307
28.512957842327 0.998047831710506
28.5991345741142 1.04109626168549
28.6859175170735 1.08421966359592
28.7739146751138 1.12738782624972
28.8635052494217 1.17042376421546
28.9550003714443 1.2130744344674
29.0487106090482 1.25503444014955
29.144981398514 1.29595073922159
29.2442207418769 1.33541846590403
29.3469311644081 1.37297074392868
29.4502682449681 1.40698425382994
29.5511557923896 1.43620847019131
29.6490215142051 1.46052129796381
29.7441607505554 1.48012934231995
29.8370782570755 1.49528006201902
29.9282706191542 1.50618281729906
30.0181732217238 1.51299841880884
30.1071604032829 1.51584628877935
30.1955592120337 1.51481354159034
30.2836643627269 1.50996212963857
30.3717514163155 1.501333659262
30.4600881782321 1.4889522471283
30.5489451283579 1.47282578539352
30.6386059018966 1.45294580116013
30.7293789847414 1.42928587518535
30.821612100576 1.40179832346568
30.9157114406232 1.37040847506582
31.0121692460074 1.33500525597024
31.1116060151382 1.29542559954568
31.214839525541 1.25142769962174
31.3186482708401 1.20465448449194
31.42013821294 1.15694375604058
31.5185880997435 1.1092462252418
31.6140792385178 1.06208122019017
31.7069334251638 1.0157713677595
31.7975118297025 0.970548472042199
31.8868193287364 0.926270728585015
31.9757570859041 0.882828063280006
32.0648343091789 0.840307849052113
32.154421339823 0.798878816081492
32.2448507292552 0.758749345035068
32.3364636114111 0.72015468018288
32.42963831193 0.683356199331402
32.5248168926794 0.64864689904851
32.6225388213821 0.616361913696234
32.723006885404 0.587027038861255
32.8224118556493 0.562135214673253
32.9197000315797 0.541988372554296
33.0148822387271 0.526495533662096
33.1083025807973 0.515481538215126
33.2003699577451 0.508783590733439
33.2914751590986 0.506272963399382
33.3819746633869 0.507854537518307
33.4721958389319 0.513461748318786
33.5624477821479 0.523052018505683
33.6530330561867 0.536603811604398
33.7442595229426 0.554115391498292
33.8364528732432 0.575605255719529
33.9299711271836 0.601114387336726
34.0252230387102 0.630710798869206
34.1226934606243 0.664497378201208
34.2229809298208 0.702625016684136
34.3250529403563 0.744548031820553
34.425744210011 0.788567603112992
34.5242823021695 0.833783285211124
34.6207841484009 0.879695601629976
34.7156295382648 0.925982923285455
34.8092382307523 0.972396152070305
34.9020048759584 1.01871294733143
34.9947181281038 1.06493129884817
35.088476699687 1.11120088190672
35.1838700747771 1.15738341125245
35.2813180100112 1.20320540608896
35.3812056327025 1.24831204499625
35.4839467651917 1.29228208636896
35.5900259809531 1.3346256705951
35.7000421792051 1.37477196098965
35.8110930733825 1.41092993854819
35.9194842014157 1.44157895725418
36.0245275943095 1.46657164164099
36.1265767156145 1.4861552323127
36.2262313919441 1.50062037758464
36.3240784160406 1.51020780024213
36.4206310883441 1.51509796659675
36.5163319121868 1.51542101745325
36.6115708538203 1.51126815978705
36.7067046962418 1.50270018422127
36.8020743359512 1.48975282260475
36.8980204042369 1.47243944423172
36.994898619965 1.45075146969613
37.0930967072433 1.42465653806039
37.1930552808421 1.39409401614011
37.2952962854228 1.35896679308636
37.4004650640575 1.31912718031297
37.5093974896177 1.27435247639193
37.6225343954392 1.22461807577211
37.7341551283637 1.17292136186411
37.8424720477864 1.12085547094283
37.947284886937 1.0692599214993
38.0489168326629 1.01861924166557
38.1478122028325 0.969256494872446
38.2451638203325 0.921045417817863
38.3420957993452 0.873864591704671
38.4392516479212 0.827835786396158
38.5371073050431 0.783183602070753
38.6360984362941 0.740185799895743
38.7366819749105 0.699159519875325
38.8393783212315 0.660463282355835
38.9448156375242 0.624508404989614
39.0537920077647 0.591779923124676
39.1628109504252 0.563926746335834
39.2697444586217 0.541671607009594
39.3743117242736 0.525003396526095
39.4768568020515 0.513725474906573
39.5778763075653 0.507637628591311
39.6778658304 0.506581432291133
39.7772843730067 0.510443664139044
39.8765579363649 0.519150231518687
39.9760943945841 0.532660219500985
40.0763011970316 0.550962362815097
40.1776045060899 0.574074317724727
40.2804711314005 0.602044935971018
40.3854362873535 0.634960201316406
40.4931423610928 0.672954421082292
40.6043980582967 0.716230049427412
40.7169737660095 0.763652592622365
40.8277489127538 0.813312114643165
40.9361049707302 0.864183555692904
41.042314867794 0.915681814936355
41.1468927109185 0.967411968483986
41.2503737530972 1.01905221858162
41.3537444340466 1.07054457747864
41.4584461424281 1.12205416218199
41.5652690602346 1.17336743450288
41.6747940740856 1.22408409596724
41.787573082114 1.27368231872406
41.904220645433 1.32153250808016
42.0254852582443 1.36688598858476
42.1505368717659 1.40829195020158
42.2731056135005 1.44299135850238
42.3917477951959 1.47054992853797
42.5067931594866 1.49124819246963
42.6190231283902 1.50546634828378
42.7292301040717 1.51351717130277
42.8381123517853 1.51562539018504
42.9462755721147 1.51194232303163
43.0542610885293 1.50256286423162
43.1625768962902 1.48753747234061
43.271726952399 1.46687866953617
43.3822402001594 1.44056267012132
43.4947031006432 1.40852624887383
43.6098014356284 1.37065786962827
43.7283809015806 1.32678028411985
43.8515444666097 1.27661825966213
43.9808250364133 1.21973684057873
44.1090327500867 1.15994936100563
44.2333932960213 1.09965033673559
44.3535371765858 1.04010272595509
44.4698954168736 0.982021510883643
44.5836018018544 0.925620133470405
44.696584577865 0.870638111357457
44.8099173828803 0.817241625898825
44.9243792617887 0.765783280099755
45.0406855184663 0.716718528968042
45.1596058447482 0.670586265234832
45.2820559721274 0.628020725190943
45.4092098920243 0.589787287408001
45.5379911620235 0.557876403881478
45.6647226369483 0.533670588912989
45.7888133054309 0.517259269007845
45.9107453368886 0.508404146693416
46.0312766209493 0.50686282810642
46.1511859690092 0.512466868485935
46.2712206452855 0.525126988668712
46.3921117282976 0.544824157311402
46.5146120121114 0.571603440836541
46.639545917957 0.605575075845383
46.7678756293466 0.64692511544645
46.9007984209683 0.695940130808394
47.0399077214314 0.753056726575303
47.1790002460849 0.815044710629305
47.3156278117812 0.879542572265482
47.4498503656258 0.945236975034414
47.5825080427897 1.01129429720175
47.7149752968718 1.07723713200095
47.8501429717618 1.14332937367102
47.9897149767834 1.20906648199001
48.1350925997031 1.27349680880752
48.2877805149508 1.33529699052275
48.4496760381085 1.39272273480331
48.6171270045375 1.441826773687
48.7820912196294 1.47868644436194
48.943623381475 1.50276294353095
49.1032048271913 1.51427200651525
49.2629305844708 1.51328681604077
49.4250876393547 1.49951558180447
49.5922855704217 1.472215425542
49.7679298154893 1.43001877893156
49.9573386227827 1.37043559581545
50 1.35520182818519
