0 1
0.05 0.998750260394966
0.1 0.995004165278026
0.15 0.988771077936042
0.2 0.980066577841242
0.25 0.968912421710645
0.3 0.955336489125606
0.35 0.939372712847379
0.4 0.921060994002885
0.45 0.900447102352677
0.5 0.877582561890373
0.55 0.852524522059506
0.6 0.825335614909678
0.65 0.796083798549056
0.7 0.764842187284488
0.75 0.731688868873821
0.8 0.696706709347165
0.85 0.659983145884982
0.9 0.621609968270664
0.95 0.581683089463883
1 0.54030230586814
1.05 0.497571047891727
1.1 0.453596121425577
1.15 0.408487440884157
1.2 0.362357754476673
1.25 0.315322362395268
1.3 0.267498828624587
1.35 0.219006687093041
1.4 0.16996714290024
1.45 0.120502769367366
1.5 0.0707372016677022
1.55 0.0207948278030918
1.6 -0.0291995223012895
1.65 -0.0791208888067347
1.7 -0.128844494295526
1.75 -0.178246055649493
1.8 -0.227202094693088
1.85 -0.275590246824514
1.9 -0.323289566863504
1.95 -0.370180831351288
2 -0.416146836547143
2.05 -0.461072691376714
2.1 -0.504846104599858
2.15 -0.547357665480271
2.2 -0.588501117255346
2.25 -0.628173622722739
2.3 -0.666276021279824
2.35 -0.702713076773554
2.4 -0.737393715541245
2.45 -0.770231254047307
2.5 -0.801143615546933
2.55 -0.830053535235222
2.6 -0.856888753368947
2.65 -0.881582195878285
2.7 -0.90407214201706
2.75 -0.924302378632463
2.8 -0.942222340668658
2.85 -0.95778723755309
2.9 -0.97095816514959
2.95 -0.981702202998454
3 -0.989992496600445
3.05 -0.995808324539061
3.1 -0.999135150273279
3.15 -0.999964658471342
3.2 -0.998294775794753
3.25 -0.994129676080547
3.3 -0.987479769908865
3.35 -0.978361678581935
3.4 -0.966798192579462
3.45 -0.952818214594306
3.5 -0.936456687290798
3.55 -0.917754505966278
3.6 -0.896758416334149
3.65 -0.87352089768394
3.69999999999999 -0.848100031710411
3.74999999999999 -0.820559357339564
3.79999999999999 -0.79096771191442
3.84999999999999 -0.759399059137512
3.89999999999999 -0.725932304200144
3.94999999999999 -0.690651096560512
3.99999999999999 -0.653643620863617
4.04999999999999 -0.615002376525579
4.09999999999999 -0.574823946533274
4.14999999999999 -0.53320875603716
4.19999999999999 -0.490260821340706
4.24999999999999 -0.446087489913799
4.29999999999999 -0.400799172079982
4.34999999999999 -0.354509065048139
4.39999999999999 -0.307332869978427
4.44999999999999 -0.259388502789634
4.49999999999999 -0.210795799430788
4.54999999999999 -0.161676216353694
4.59999999999999 -0.112152526935063
4.64999999999999 -0.0623485146070005
4.69999999999999 -0.0123886634628994
4.74999999999999 0.0376021528879677
4.79999999999999 0.0874989834394375
4.84999999999999 0.137177112100899
4.89999999999999 0.186512369422566
4.94999999999999 0.235381442954442
4.99999999999999 0.283662185463217
5.04999999999999 0.331233920236744
5.09999999999999 0.377977742712971
5.14999999999999 0.423776817679419
5.19999999999999 0.468516671300368
5.24999999999999 0.512085477241832
5.29999999999999 0.554374336179152
5.34999999999999 0.595277547988598
5.39999999999999 0.634692875942626
5.44999999999999 0.672521802248457
5.49999999999999 0.708669774291252
5.54999999999999 0.743046440966402
5.59999999999999 0.775565878510242
5.64999999999999 0.806146805264708
5.69999999999999 0.834712784839153
5.74999999999999 0.861192417161515
5.79999999999999 0.885519516941313
5.84999999999999 0.907633279098408
5.89999999999999 0.927478430744031
5.94999999999999 0.945005369334223
5.99999999999999 0.960170286650362
6.04999999999999 0.972935278296894
6.09999999999999 0.983268438442582
6.14999999999999 0.991143939568467
6.19999999999999 0.996542097023216
6.24999999999999 0.999449418224499
6.29999999999999 0.999858636383415
6.34999999999999 0.997768728667685
6.39999999999999 0.993184918758194
6.44999999999999 0.986118663792515
6.49999999999998 0.976587625728027
6.54999999999998 0.964615627196222
6.59999999999998 0.950232591958534
6.64999999999998 0.933474470112518
6.69999999999998 0.914383148235326
6.74999999999998 0.893006344689084
6.79999999999998 0.869397490349833
6.84999999999998 0.843615595058168
6.89999999999998 0.815725100125367
6.94999999999998 0.785795717263671
6.99999999999998 0.753902254343316
7.04999999999998 0.720124428411806
7.09999999999998 0.684546666442819
7.14999999999998 0.647257894312737
7.19999999999998 0.608351314532269
7.24999999999998 0.567924173288709
7.29999999999998 0.52607751738112
7.34999999999998 0.482915941655953
7.39999999999998 0.438547327574407
7.44999999999998 0.393082573564958
7.49999999999998 0.346635317835043
7.54999999999998 0.299321654334725
7.59999999999998 0.251259842582274
7.64999999999998 0.202570012076963
7.69999999999998 0.153373862037884
7.74999999999998 0.103794357219272
7.79999999999998 0.0539554205626693
7.84999999999998 0.00398162345409928
7.89999999999998 -0.0460021256395165
7.94999999999998 -0.0958708933764775
7.99999999999998 -0.145500033808593
8.04999999999998 -0.19476549993114
8.09999999999998 -0.243544153735772
8.14999999999998 -0.291714073991408
8.19999999999998 -0.339154860983818
8.24999999999998 -0.385747937452205
8.29999999999998 -0.431376844970605
8.34999999999998 -0.475927535033296
8.39999999999998 -0.519288654116672
8.44999999999999 -0.56135182200506
8.49999999999999 -0.602011902684812
8.54999999999999 -0.641167267129591
8.59999999999999 -0.678720047320003
8.64999999999999 -0.714576380862683
8.69999999999999 -0.748646645597392
8.74999999999999 -0.780845683605742
8.79999999999999 -0.81109301406165
8.84999999999999 -0.839313034391479
8.89999999999999 -0.865435209241108
8.94999999999999 -0.889394246777578
8.99999999999999 -0.911130261884674
9.04999999999999 -0.930588925844526
9.09999999999999 -0.94772160213111
9.15 -0.962485467976236
9.2 -0.974843621404163
9.25 -0.984765173467323
9.3 -0.992225325452603
9.35 -0.997205430865212
9.4 -0.999693042035206
9.45 -0.999681941230185
9.5 -0.997172156196378
9.55 -0.992169960089301
9.6 -0.984687855794127
9.65 -0.974744544674989
9.7 -0.962364879831309
9.75 -0.947579803977992
9.8 -0.930426272104752
9.85000000000001 -0.910947159107885
9.90000000000001 -0.889191152625358
9.95000000000001 -0.865212631343068
