0 0
0.05 0.0318499425952395
0.1 0.0646751949641264
0.15 0.0994510668803079
0.2 0.137152868117431
0.25 0.178755908449144
0.3 0.225235497649093
0.35 0.277566945490927
0.4 0.336725561748291
0.45 0.403686656194834
0.5 0.479425538604203
0.55 0.550880339341684
0.6 0.606371535771622
0.65 0.648947958166252
0.7 0.681658436797812
0.75 0.707551801938537
0.8 0.729676883860663
0.85 0.751082512836426
0.9 0.774817519138062
0.95 0.803930733037807
1 0.841470984807897
1.05 0.879358269414403
1.1 0.908442694143177
1.15 0.930168257746127
1.2 0.945978958975163
1.25 0.957318796582193
1.3 0.965631769319126
1.35 0.972361875937869
1.4 0.978953115190333
1.45 0.986849485828425
1.5 0.997494986604054
1.55 1.00745743377011
1.6 1.01252279379897
1.65 1.01296229077176
1.7 1.0090471487696
1.75 1.00104859187361
1.8 0.989237844164925
1.85 0.973886129724664
1.9 0.955264672633953
1.95 0.933644696973917
2 0.909297426825682
2.05 0.884898399702151
2.1 0.862156699669946
2.15 0.839893870640767
2.2 0.816931456526312
2.25 0.792091001238281
2.3 0.764194048688374
2.35 0.732062142788288
2.4 0.694516827449724
2.45 0.650379646584381
2.5 0.598472144103958
2.55 0.546756497470656
2.6 0.502458384422079
2.65 0.46329459928303
2.7 0.426981936378311
2.75 0.391237190032724
2.8 0.353777154571073
2.85 0.312318624318159
2.9 0.264578393598786
2.95 0.208273256737756
3 0.141120008059871
3.05 0.0744625302126225
3.1 0.0192708028089752
3.15 -0.0272992343780632
3.2 -0.0680916415754846
3.25 -0.105950479010281
3.3 -0.143719806909445
3.35 -0.184243685499968
3.4 -0.230366175008842
3.45 -0.28493133566306
3.5 -0.350783227689614
3.55 -0.415985560822197
3.6 -0.468509031111238
3.65 -0.511058178258836
3.69999999999999 -0.546337541967089
3.74999999999999 -0.577051661938097
3.79999999999999 -0.605905077873958
3.84999999999999 -0.635602329476772
3.89999999999999 -0.668847956448638
3.94999999999999 -0.708346498491655
3.99999999999999 -0.756802495307921
4.04999999999999 -0.804606475281049
4.09999999999999 -0.84161523363488
4.14999999999999 -0.869732710331866
4.19999999999999 -0.890862845334459
4.24999999999999 -0.906909578605111
4.29999999999999 -0.919776850106276
4.34999999999999 -0.931368599800404
4.39999999999999 -0.943588767649948
4.44999999999999 -0.958341293617361
4.49999999999999 -0.977530117665093
4.54999999999999 -0.996226176682322
4.59999999999999 -1.00865570994796
4.64999999999999 -1.01545561100906
4.69999999999999 -1.01726277341269
4.74999999999999 -1.01471409070592
4.79999999999999 -1.0084464564358
4.84999999999999 -0.999096764149399
4.89999999999999 -0.987301907393781
4.94999999999999 -0.973698779716008
4.99999999999999 -0.958924274663141
5.04999999999999 -0.943936313820009
5.09999999999999 -0.928744229762264
5.14999999999999 -0.912562032523209
5.19999999999999 -0.894603732136144
5.24999999999999 -0.87408333863437
5.29999999999999 -0.850214862051189
5.34999999999999 -0.8222123124199
5.39999999999999 -0.789289699773806
5.44999999999999 -0.750661034146206
5.49999999999999 -0.705540325570403
5.54999999999999 -0.66053801311841
5.59999999999999 -0.621444178125979
5.64999999999999 -0.586242294022013
5.69999999999999 -0.552915834235412
5.74999999999999 -0.519448272195078
5.79999999999999 -0.483823081329911
5.84999999999999 -0.444023735068813
5.89999999999999 -0.398033706840686
5.94999999999999 -0.343836470074429
5.99999999999999 -0.279415498198945
6.04999999999999 -0.215415250491274
6.09999999999999 -0.161989150336484
6.14999999999999 -0.116384117325495
6.19999999999999 -0.0758470710492246
6.24999999999999 -0.0376249310985938
6.29999999999999 0.00103538293547854
6.34999999999999 0.0428869514620729
6.39999999999999 0.0906828548902697
6.44999999999999 0.14717617362915
6.49999999999998 0.215119988087794
6.54999999999998 0.282441894057008
6.59999999999998 0.337111807208863
6.64999999999998 0.381946287774358
6.69999999999998 0.419761895984494
6.74999999999998 0.45337519207027
6.79999999999998 0.485602736262688
6.84999999999998 0.519261088792746
6.89999999999998 0.557166809891445
6.94999999999998 0.602136459789786
6.99999999999998 0.656986598718768
7.04999999999998 0.711172830263626
7.09999999999998 0.753730924702189
7.14999999999998 0.78684769230438
7.19999999999998 0.81270994334012
7.24999999999998 0.833504488079332
7.29999999999998 0.851418136791937
7.34999999999998 0.868637699747857
7.39999999999998 0.887349987217014
7.44999999999998 0.90974180946933
7.49999999999998 0.937999976774727
7.54999999999998 0.965688967555115
7.59999999999998 0.985605538207032
7.64999999999998 0.998784915962362
7.69999999999998 1.00626232805299
7.74999999999998 1.00907300171079
7.79999999999998 1.00825216416765
7.84999999999998 1.00483504265546
7.89999999999998 0.999856864406099
7.94999999999998 0.994352856651445
7.99999999999998 0.989358246623384
8.04999999999998 0.984124896368191
8.09999999999998 0.976934199571538
8.14999999999998 0.967365680924405
8.19999999999998 0.954998865117775
8.24999999999998 0.939413276842629
8.29999999999998 0.920188440789947
8.34999999999998 0.896903881650713
8.39999999999998 0.869139124115906
8.44999999999999 0.836473692876508
8.49999999999999 0.798487112623502
8.54999999999999 0.760291093604742
8.59999999999999 0.726221552215618
8.64999999999999 0.694694322368398
8.69999999999999 0.664125237975351
8.74999999999999 0.632930132948746
8.79999999999999 0.599524841200852
8.84999999999999 0.562325196643938
8.89999999999999 0.519747033190273
8.94999999999999 0.470206184752126
8.99999999999999 0.412118485241766
9.04999999999999 0.355243922248438
9.09999999999999 0.308354862783504
9.15 0.268385709892396
9.2 0.232270866620549
9.25 0.196944736013396
9.3 0.159341721116369
9.35 0.116396224974901
9.4 0.0650426506344272
9.45 0.00221540114037921
9.5 -0.0751511204618092
9.55 -0.155187345251162
9.6 -0.224755393488957
9.65 -0.285018395903147
9.7 -0.337139483221682
9.75 -0.382281786172512
9.8 -0.421608435483589
9.85000000000001 -0.456282561882862
9.90000000000001 -0.487467296098284
9.95000000000001 -0.516325768857804
