0 0.633747819325966
0.05 0.64350091706244
0.1 0.672760210271859
0.15 0.721525698954225
0.2 0.789797383109537
0.25 0.877575262737796
0.3 0.984859337839001
0.35 1.11164960841315
0.4 1.25794607446025
0.45 1.42374873598029
0.5 1.60905759297328
0.55 1.25929720410007
0.6 0.970513420671566
0.65 0.742706242687786
0.7 0.575875670148726
0.75 0.470021703054387
0.8 0.425144341404769
0.85 0.44124358519987
0.9 0.518319434439691
0.95 0.656371889124233
1 0.855400949253492
1.05 0.664903764179767
1.1 0.503286554144215
1.15 0.370549319146836
1.2 0.266692059187629
1.25 0.191714774266594
1.3 0.145617464383733
1.35 0.128400129539044
1.4 0.140062769732528
1.45 0.180605384964184
1.5 0.25002797523401
1.55 0.149373991678785
1.6 0.0541444897460567
1.65 -0.0356605305641751
1.7 -0.12004106925191
1.75 -0.198997126317148
1.8 -0.27252870175989
1.85 -0.340635795580135
1.9 -0.403318407777883
1.95 -0.460576538353134
2 -0.512410187305886
2.05 -0.467479084596355
2.1 -0.446117103652839
2.15 -0.448324244475338
2.2 -0.474100507063853
2.25 -0.523445891418384
2.3 -0.596360397538931
2.35 -0.692844025425493
2.4 -0.81289677507807
2.45 -0.956518646496664
2.5 -1.12370963968127
2.55 -0.952526911234802
2.6 -0.827008296292274
2.65 -0.747153794853696
2.7 -0.712963406919067
2.75 -0.724437132488388
2.8 -0.781574971561658
2.85 -0.884376924138878
2.9 -1.03284299022005
2.95 -1.22697316980517
3 -1.46676746289424
3.05 -1.20901185175232
3.1 -1.00813744515022
3.15 -0.864144243087961
3.2 -0.777032245565543
3.25 -0.746801452582966
3.3 -0.773451864140231
3.35 -0.856983480237338
3.4 -0.997396300874286
3.45 -1.19469032605108
3.5 -1.44886555576771
3.55 -1.16824290187592
3.6 -0.941711042026059
3.65 -0.76926997621818
3.69999999999999 -0.650919704452282
3.74999999999999 -0.586660226728365
3.79999999999999 -0.576491543046429
3.84999999999999 -0.620413653406473
3.89999999999999 -0.718426557808498
3.94999999999999 -0.870530256252504
3.99999999999999 -1.07672474873849
4.04999999999999 -0.841780916728084
4.09999999999999 -0.644915883966661
4.14999999999999 -0.486129650454283
4.19999999999999 -0.36542221619095
4.24999999999999 -0.282793581176661
4.29999999999999 -0.238243745411416
4.34999999999999 -0.231772708895216
4.39999999999999 -0.26338047162806
4.44999999999999 -0.333067033609949
4.49999999999999 -0.440832394840882
4.54999999999999 -0.309132944338409
4.59999999999999 -0.190171364777146
4.64999999999999 -0.0839476561571356
4.69999999999999 0.00953818152162147
4.74999999999999 0.0902861482591257
4.79999999999999 0.158296244055377
4.84999999999999 0.213568468910375
4.89999999999999 0.256102822824121
4.94999999999999 0.285899305796613
4.99999999999999 0.302957917827853
5.04999999999999 0.299180482453104
5.09999999999999 0.311122846412331
5.14999999999999 0.338785009705538
5.19999999999999 0.382166972332726
5.24999999999999 0.441268734293893
5.29999999999999 0.516090295589041
5.34999999999999 0.606631656218169
5.39999999999999 0.712892816181277
5.44999999999999 0.834873775478365
5.49999999999999 0.972574534109433
5.54999999999999 0.834239719207251
5.59999999999999 0.736235435726975
5.64999999999999 0.678561683668678
5.69999999999999 0.661218463032357
5.74999999999999 0.684205773818014
5.79999999999999 0.747523616025649
5.84999999999999 0.851171989655261
5.89999999999999 0.99515089470685
5.94999999999999 1.17946033118042
5.99999999999999 1.40410029907596
6.04999999999999 1.16508654392767
6.09999999999999 0.981134396960863
6.14999999999999 0.852243858175664
6.19999999999999 0.778414927572076
6.24999999999999 0.759647605150099
6.29999999999999 0.795941890909734
6.34999999999999 0.88729778485098
6.39999999999999 1.03371528697384
6.44999999999999 1.23519439727831
6.49999999999998 1.49173511576439
6.54999999999998 1.21052965710737
6.59999999999998 0.985655403070171
6.64999999999998 0.817112353652979
6.69999999999998 0.70490050885579
6.74999999999998 0.649019868678604
6.79999999999998 0.649470433121423
6.84999999999998 0.706252202184245
6.89999999999998 0.819365175867071
6.94999999999998 0.988809354169901
6.99999999999998 1.21458473709273
7.04999999999998 0.960153892267806
7.09999999999998 0.749459252841137
7.14999999999998 0.582500818812906
7.19999999999998 0.459278590183114
7.24999999999998 0.37979256695176
7.29999999999998 0.344042749118844
7.34999999999998 0.352029136684367
7.39999999999998 0.403751729648328
7.44999999999998 0.499210528010726
7.49999999999998 0.638405531771564
7.54999999999998 0.472604856883445
7.59999999999998 0.327508726632861
7.64999999999998 0.203117141019936
7.69999999999998 0.0994301000446707
7.74999999999998 0.0164476037070653
7.79999999999998 -0.0458303479928805
7.84999999999998 -0.0874037550551668
7.89999999999998 -0.108272617479794
7.94999999999998 -0.10843693526676
7.99999999999998 -0.0878967084160676
8.04999999999998 -0.122838886155065
8.09999999999998 -0.16619057007446
8.14999999999998 -0.217951760174227
8.19999999999998 -0.278122456454366
8.24999999999998 -0.346702658914877
8.29999999999998 -0.423692367555759
8.34999999999998 -0.509091582377013
8.39999999999998 -0.602900303378639
8.44999999999999 -0.705118530560637
8.49999999999999 -0.815746263923006
8.54999999999999 -0.717375050453057
8.59999999999999 -0.650687158737664
8.64999999999999 -0.615682588776891
8.69999999999999 -0.612361340570739
8.74999999999999 -0.640723414119208
8.79999999999999 -0.700768809422297
8.84999999999999 -0.792497526480007
8.89999999999999 -0.915909565292338
8.94999999999999 -1.07100492585929
8.99999999999999 -1.25778360818086
9.04999999999999 -1.02741756806739
9.09999999999999 -0.858363467045181
9.15 -0.75062130511431
9.2 -0.704191082274774
9.25 -0.719072798526574
9.3 -0.795266453869708
9.35 -0.932772048304177
9.4 -1.13158958182998
9.45 -1.39171905444712
9.5 -1.7131604661556
9.55 -1.49216562784496
9.6 -1.29443340409333
9.65 -1.11996379490073
9.7 -0.968756800267133
9.75 -0.840812420192554
9.8 -0.73613065467699
9.85000000000001 -0.654711503720442
9.90000000000001 -0.596554967322908
9.95000000000001 -0.561661045484389
