0 0
0.05 0
0.1 0
0.15 0
0.2 0
0.25 0
0.3 0
0.35 0
0.4 0
0.45 0
0.5 0
0.55 0.0239712769302101
0.6 0.0479425538604203
0.65 0.0719138307906305
0.7 0.0958851077208406
0.75 0.119856384651051
0.8 0.143827661581261
0.85 0.167798938511471
0.9 0.191770215441681
0.95 0.215741492371892
1 0.239712769302102
1.05 0.281786318542497
1.1 0.323859867782891
1.15 0.365933417023286
1.2 0.408006966263681
1.25 0.450080515504076
1.3 0.492154064744471
1.35 0.534227613984866
1.4 0.576301163225261
1.45 0.618374712465656
1.5 0.660448261706051
1.55 0.710323011036253
1.6 0.760197760366456
1.65 0.810072509696659
1.7 0.859947259026862
1.75 0.909822008357064
1.8 0.959696757687267
1.85 1.00957150701747
1.9 1.05944625634767
1.95 1.10932100567788
2 1.15919575500808
2.05 1.20466062634936
2.1 1.25012549769065
2.15 1.29559036903193
2.2 1.34105524037321
2.25 1.3865201117145
2.3 1.43198498305578
2.35 1.47744985439707
2.4 1.52291472573835
2.45 1.56837959707963
2.5 1.61384446842092
2.55 1.64376807562612
2.6 1.67369168283131
2.65 1.70361529003651
2.7 1.73353889724171
2.75 1.76346250444691
2.8 1.7933861116521
2.85 1.8233097188573
2.9 1.8532333260625
2.95 1.8831569332677
3 1.91308054047289
3.05 1.92013654087589
3.1 1.92719254127888
3.15 1.93424854168188
3.2 1.94130454208487
3.25 1.94836054248786
3.3 1.95541654289086
3.35 1.96247254329385
3.4 1.96952854369684
3.45 1.97658454409984
3.5 1.98364054450283
3.55 1.96610138311835
3.6 1.94856222173387
3.65 1.93102306034939
3.69999999999999 1.91348389896491
3.74999999999999 1.89594473758043
3.79999999999999 1.87840557619595
3.84999999999999 1.86086641481146
3.89999999999999 1.84332725342698
3.94999999999999 1.8257880920425
3.99999999999999 1.80824893065802
4.04999999999999 1.77040880589263
4.09999999999999 1.73256868112723
4.14999999999999 1.69472855636184
4.19999999999999 1.65688843159644
4.24999999999999 1.61904830683104
4.29999999999999 1.58120818206565
4.34999999999999 1.54336805730025
4.39999999999999 1.50552793253485
4.44999999999999 1.46768780776946
4.49999999999999 1.42984768300406
4.54999999999999 1.38097117712081
4.59999999999999 1.33209467123755
4.64999999999999 1.2832181653543
4.69999999999999 1.23434165947105
4.74999999999999 1.18546515358779
4.79999999999999 1.13658864770454
4.84999999999999 1.08771214182128
4.89999999999999 1.03883563593803
4.94999999999999 0.989959130054772
4.99999999999999 0.941082624171517
5.04999999999999 0.89313641043836
5.09999999999999 0.845190196705203
5.14999999999999 0.797243982972047
5.19999999999999 0.74929776923889
5.24999999999999 0.701351555505733
5.29999999999999 0.653405341772576
5.34999999999999 0.60545912803942
5.39999999999999 0.557512914306263
5.44999999999999 0.509566700573106
5.49999999999999 0.461620486839949
5.54999999999999 0.426343470561427
5.59999999999999 0.391066454282908
5.64999999999999 0.355789438004388
5.69999999999999 0.320512421725869
5.74999999999999 0.285235405447349
5.79999999999999 0.24995838916883
5.84999999999999 0.21468137289031
5.89999999999999 0.179404356611791
5.94999999999999 0.144127340333271
5.99999999999999 0.108850324054752
6.04999999999999 0.0948795491447998
6.09999999999999 0.0809087742348535
6.14999999999999 0.0669379993249073
6.19999999999999 0.052967224414961
6.24999999999999 0.0389964495050148
6.29999999999999 0.0250256745950685
6.34999999999999 0.0110548996851223
6.39999999999999 -0.00291587522482398
6.44999999999999 -0.0168866501347702
6.49999999999998 -0.0308574250447165
6.54999999999998 -0.0201014256403332
6.59999999999998 -0.00934542623594242
6.64999999999998 0.00141057316844834
6.69999999999998 0.0121665725728391
6.74999999999998 0.0229225719772299
6.79999999999998 0.0336785713816206
6.84999999999998 0.0444345707860114
6.89999999999998 0.0551905701904021
6.94999999999998 0.0659465695947929
6.99999999999998 0.0767025689991837
7.04999999999998 0.109551898935116
7.09999999999998 0.142401228871055
7.14999999999998 0.175250558806994
7.19999999999998 0.208099888742934
7.24999999999998 0.240949218678873
7.29999999999998 0.273798548614812
7.34999999999998 0.306647878550752
7.39999999999998 0.339497208486691
7.44999999999998 0.37234653842263
7.49999999999998 0.40519586835857
7.54999999999998 0.452095867197301
7.59999999999998 0.498995866036038
7.64999999999998 0.545895864874775
7.69999999999998 0.592795863713511
7.74999999999998 0.639695862552248
7.79999999999998 0.686595861390985
7.84999999999998 0.733495860229722
7.89999999999998 0.780395859068459
7.94999999999998 0.827295857907195
7.99999999999998 0.874195856745932
8.04999999999998 0.9236637690771
8.09999999999998 0.97313168140827
8.14999999999998 1.02259959373944
8.19999999999998 1.07206750607061
8.24999999999998 1.12153541840178
8.29999999999998 1.17100333073295
8.34999999999998 1.22047124306412
8.39999999999998 1.26993915539529
8.44999999999999 1.31940706772646
8.49999999999999 1.36887498005763
8.54999999999999 1.40879933568881
8.59999999999999 1.44872369131998
8.64999999999999 1.48864804695116
8.69999999999999 1.52857240258233
8.74999999999999 1.56849675821351
8.79999999999999 1.60842111384468
8.84999999999999 1.64834546947586
8.89999999999999 1.68826982510703
8.94999999999999 1.72819418073821
8.99999999999999 1.76811853636938
9.04999999999999 1.78872446063147
9.09999999999999 1.80933038489356
9.15 1.82993630915565
9.2 1.85054223341774
9.25 1.87114815767983
9.3 1.89175408194191
9.35 1.912360006204
9.4 1.93296593046609
9.45 1.95357185472818
9.5 1.97417777899027
9.55 1.97042022296718
9.6 1.96666266694409
9.65 1.96290511092099
9.7 1.9591475548979
9.75 1.95538999887481
9.8 1.95163244285172
9.85000000000001 1.94787488682863
9.90000000000001 1.94411733080554
9.95000000000001 1.94035977478245
