0  0  0
0.0303030303030303  0  -0.00248567794950761
0.0606060606060606  0  -0.00481761847300711
0.0909090909090909  0  -0.00684208414449042
0.121212121212121  0  -0.00840533753794944
0.151515151515152  0  -0.00935364122737606
0.181818181818182  0  -0.00953325778676219
0.212121212121212  0  -0.00879044979009973
0.242424242424242  0  -0.00697147981138057
0.272727272727273  0  -0.00392261042459664
0.303030303030303  0  0.000509742058834189
0.333333333333333  0  0.00627515176318124
0.363636363636364  0  0.0127170061419639
0.393939393939394  0  0.0190666180651417
0.424242424242424  0  0.0245553004026742
0.454545454545455  0  0.0284143660245208
0.484848484848485  0  0.0298751278006411
0.515151515151515  0  0.0281688986009945
0.545454545454545  0  0.0225269912955407
0.575757575757576  0  0.0121807187542389
0.606060606060606  0  -0.00363368655531877
0.636363636363636  0  -0.0246370374675018
0.666666666666667  0  -0.048223177136621
0.696969696969697  0  -0.0714710944685223
0.727272727272727  0  -0.0914597783690519
0.757575757575758  0  -0.105268217744056
0.787878787878788  0  -0.109975401499381
0.818181818181818  0  -0.102660318540872
0.848484848484849  0  -0.0804019577743759
0.878787878787879  0  -0.040279308105739
0.909090909090909  0.00269916798842429  0.0205942043757673
0.939393939393939  0.0472009143573273  0.102440735944703
0.96969696969697  0.136843385389453  0.200966070041895
1  0.25925925925926  0.311438510333538
1.03030303030303  0.402081214141208  0.429126360485828
1.06060606060606  0.552941928209758  0.549297924164961
1.09090909090909  0.699474079639369  0.66722150503713
1.12121212121212  0.829310346604501  0.778165406768532
1.15151515151515  0.930083407279612  0.877397933025361
1.18181818181818  0.989425939839163  0.960187387473813
1.21212121212121  1  1.02189135536674
1.24242424242424  1  1.06133824363839
1.27272727272727  1  1.08186517934931
1.3030303030303  1  1.08711061491503
1.33333333333333  1  1.08071300275106
1.36363636363636  1  1.06631079527294
1.39393939393939  1  1.04754244489619
1.42424242424242  1  1.02804640403634
1.45454545454545  1  1.0114611251089
1.48484848484848  1  1.00142506052941
1.51515151515152  1  1.00142506052941
1.54545454545455  1  1.0114611251089
1.57575757575758  1  1.02804640403634
1.60606060606061  1  1.04754244489619
1.63636363636364  1  1.06631079527294
1.66666666666667  1  1.08071300275106
1.6969696969697  1  1.08711061491503
1.72727272727273  1  1.08186517934931
1.75757575757576  1  1.06133824363839
1.78787878787879  1  1.02189135536674
1.81818181818182  0.989425939839163  0.960187387473812
1.84848484848485  0.930083407279611  0.87739793302536
1.87878787878788  0.829310346604499  0.778165406768531
1.90909090909091  0.699474079639368  0.667221505037129
1.93939393939394  0.552941928209758  0.54929792416496
1.96969696969697  0.402081214141208  0.429126360485828
2  0.259259259259259  0.311438510333538
2.03030303030303  0.136843385389452  0.200966070041894
2.06060606060606  0.0472009143573273  0.102440735944702
2.09090909090909  0.00269916798842407  0.020594204375767
2.12121212121212  0  -0.0402793081057388
2.15151515151515  0  -0.0804019577743757
2.18181818181818  0  -0.102660318540872
2.21212121212121  0  -0.10997540149938
2.24242424242424  0  -0.105268217744056
2.27272727272727  0  -0.0914597783690516
2.3030303030303  0  -0.071471094468522
2.33333333333333  0  -0.0482231771366207
2.36363636363636  0  -0.0246370374675016
2.39393939393939  0  -0.00363368655531859
2.42424242424242  0  0.012180718754239
2.45454545454545  0  0.0225269912955407
2.48484848484848  0  0.0281688986009945
2.51515151515152  0  0.029875127800641
2.54545454545455  0  0.0284143660245207
2.57575757575758  0  0.0245553004026741
2.60606060606061  0  0.0190666180651417
2.63636363636364  0  0.0127170061419638
2.66666666666667  0  0.00627515176318109
2.6969696969697  0  0.000509742058834098
2.72727272727273  0  -0.0039226104245967
2.75757575757576  0  -0.00697147981138061
2.78787878787879  0  -0.00879044979009974
2.81818181818182  0  -0.0095332577867622
2.84848484848485  0  -0.00935364122737606
2.87878787878788  0  -0.00840533753794943
2.90909090909091  0  -0.00684208414449042
2.93939393939394  0  -0.0048176184730071
2.96969696969697  0  -0.00248567794950759
3  0  6.93889390390723E-18
