0  1 -1 1.02928985334547  -1.0003260069447
0.0628318530717959  0.998026728428272 -0.998026728428272 1.01117639763354  -0.998303136285712
0.125663706143592  0.992114701314478 -0.992114701314478 0.994218736970628  -0.992287920238858
0.188495559215388  0.982287250728689 -0.982287250728689 0.97756304764822  -0.982347586796174
0.251327412287183  0.968583161128631 -0.968583161128631 0.96036632213649  -0.968548168097093
0.314159265358979  0.951056516295154 -0.951056516295154 0.941843298912582  -0.950957813023011
0.376991118430775  0.929776485888251 -0.929776485888251 0.921302249898188  -0.929649875504427
0.439822971502571  0.904827052466019 -0.904827052466019 0.898169149500813  -0.904705637411381
0.502654824574367  0.876306680043864 -0.876306680043864 0.872000727107323  -0.876216570442707
0.565486677646163  0.844327925502015 -0.844327925502015 0.842487657081592  -0.844286085068151
0.628318530717959  0.809016994374947 -0.809016994374947 0.809449639863791  -0.809030753348707
0.691150383789755  0.770513242775789 -0.770513242775789 0.772824378506144  -0.770581024391173
0.75398223686155  0.728968627421412 -0.728968627421412 0.732652485069814  -0.729081475283523
0.816814089933346  0.684547105928689 -0.684547105928689 0.68906020514934  -0.684690656475088
0.879645943005142  0.63742398974869 -0.63742398974869 0.64224157874469  -0.637580599268824
0.942477796076938  0.587785252292473 -0.587785252292473 0.592441314680839  -0.587936055431167
1.00530964914873  0.535826794978997 -0.535826794978997 0.539939291441447  -0.535953536228508
1.06814150222053  0.481753674101715 -0.481753674101715 0.485037248186564  -0.481840211893835
1.13097335529233  0.425779291565073 -0.425779291565073 0.428047923413842  -0.425812723981537
1.19380520836412  0.368124552684678 -0.368124552684678 0.369286651578325  -0.368095953486961
1.25663706143592  0.309016994374947 -0.309016994374947 0.309065246361591  -0.308921777963332
1.31946891450771  0.248689887164855 -0.248689887164855 0.247687881485069  -0.248527841879978
1.38230076757951  0.187381314585725 -0.187381314585725 0.185448618614617  -0.187156356599814
1.4451326206513  0.125333233564304 -0.125333233564304 0.122630216283817  -0.125052939856492
1.5079644737231  0.0627905195293133 -0.0627905195293133 0.0595038718738206  -0.0624654995482556
1.5707963267949  -1.60814287233912E-16 1.60814287233912E-16 -0.00367041113856786  0.000356837031443291
1.63362817986669  -0.0627905195293134 0.0627905195293134 -0.0666430864507928  0.0631647498921852
1.69646003293849  -0.125333233564304 0.125333233564304 -0.129174158872171  0.125709711816389
1.75929188601028  -0.187381314585725 0.187381314585725 -0.191032255761844  0.187744936129445
1.82212373908208  -0.248689887164855 0.248689887164855 -0.251993775623793  0.249026290403378
1.88495559215388  -0.309016994374948 0.309016994374948 -0.311842174476686  0.309313179435423
1.94778744522567  -0.368124552684678 0.368124552684678 -0.370367420286693  0.368369400309004
2.01061929829747  -0.425779291565073 0.425779291565073 -0.427365623702429  0.425963971688332
2.07345115136926  -0.481753674101715 0.481753674101715 -0.482638838519208  0.481871938806676
2.13628300444106  -0.535826794978997 0.535826794978997 -0.535995016384197  0.535875154941238
2.19911485751286  -0.587785252292473 0.587785252292473 -0.587248095835383  0.587763039559994
2.26194671058465  -0.63742398974869 0.63742398974869 -0.636218204545512  0.63733331279606
2.32477856365645  -0.684547105928689 0.684547105928689 -0.682731954507614  0.684392705457737
2.38761041672824  -0.728968627421412 0.728968627421412 -0.726622811968863  0.728757643414986
2.45044226980004  -0.770513242775789 0.770513242775789 -0.767731526538055  0.770254904906934
2.51327412287183  -0.809016994374947 0.809016994374947 -0.805906606605146  0.808722249080666
2.57610597594363  -0.844327925502015 0.844327925502015 -0.84100483073178  0.844009013887725
2.63893782901543  -0.876306680043864 0.876306680043864 -0.872891786839928  0.875976681322222
2.70176968208722  -0.90482705246602 0.90482705246602 -0.901442432772928  0.904499407873939
2.76460153515902  -0.929776485888251 0.929776485888251 -0.926541673120478  0.929464517985136
2.82743338823081  -0.951056516295154 0.951056516295154 -0.948084948112767  0.950772958235235
2.89026524130261  -0.968583161128631 0.968583161128631 -0.965978830942202  0.968339709929668
2.95309709437441  -0.982287250728689 0.982287250728689 -0.980141630112588  0.982094157735909
3.0159289474462  -0.992114701314478 0.992114701314478 -0.990503993390717  0.99198041198983
3.078760800518  -0.998026728428272 0.998026728428272 -0.997009509683489  0.99795758228926
3.14159265358979  -1 1 -0.999615304716178  1
3.20442450666159  -0.998026728428272 0.998026728428272 -0.998292625768233  0.998097387324233
3.26725635973339  -0.992114701314478 0.992114701314478 -0.99302740994952  0.992254970624636
3.33008821280518  -0.982287250728689 0.982287250728689 -0.983820829585867  0.982493535762901
3.39292006587698  -0.968583161128631 0.968583161128631 -0.970689807239641  0.968849423302016
3.45575191894877  -0.951056516295154 0.951056516295154 -0.953667491731227  0.951374461541874
3.51858377202057  -0.929776485888251 0.929776485888251 -0.932803685266003  0.930135835512298
3.58141562509236  -0.904827052466019 0.904827052466019 -0.908165210429413  0.905215890240846
3.64424747816416  -0.876306680043863 0.876306680043863 -0.879836204418652  0.87671186685081
3.70707933123596  -0.844327925502015 0.844327925502015 -0.847918326471351  0.844735570332364
3.76991118430775  -0.809016994374947 0.809016994374947 -0.812530863079201  0.809412968173104
3.83274303737955  -0.770513242775789 0.770513242775789 -0.773810714300052  0.770883719438055
3.89557489045134  -0.728968627421412 0.728968627421412 -0.731912243381387  0.729300634359075
3.95840674352314  -0.684547105928689 0.684547105928689 -0.687006971070512  0.684829065033432
4.02123859659494  -0.63742398974869 0.63742398974869 -0.639283095514146  0.637646228444667
4.08407044966673  -0.587785252292473 0.587785252292473 -0.588944818654845  0.587940463707391
4.14690230273853  -0.535826794978996 0.535826794978996 -0.536211460634176  0.535910426201402
4.20973415581032  -0.481753674101715 0.481753674101715 -0.481316345036414  0.481764222096946
4.27256600888212  -0.425779291565072 0.425779291565072 -0.424505439973297  0.42571848767701
4.33539786195391  -0.368124552684678 0.368124552684678 -0.366035743132786  0.367997418825305
4.39822971502571  -0.309016994374948 0.309016994374948 -0.30617340308847  0.308831757058073
4.46106156809751  -0.248689887164854 0.248689887164854 -0.245191574461408  0.248457739517337
4.5238934211693  -0.187381314585725 0.187381314585725 -0.18336801097738  0.187116021391714
4.5867252742411  -0.125333233564304 0.125333233564304 -0.120982408059785  0.125050580263236
4.64955712731289  -0.0627905195293132 0.0627905195293132 -0.058313515277158  0.0625076128645512
4.71238898038469  -1.83690953073357E-16 1.83690953073357E-16 0.00436395140245778  -0.00026556436379277
4.77522083345649  0.0627905195293137 -0.0627905195293137 0.0667825572065832  -0.0630215987392448
4.83805268652828  0.125333233564304 -0.125333233564304 0.128685504779363  -0.125514156022247
4.90088453960008  0.187381314585725 -0.187381314585725 0.189830036781626  -0.187498933090941
4.96371639267187  0.248689887164855 -0.248689887164855 0.249990811871986  -0.24873461519671
5.02654824574367  0.309016994374947 -0.309016994374947 0.308963171073953  -0.308983764500037
5.08938009881547  0.368124552684678 -0.368124552684678 0.366566202824504  -0.368013627021767
5.15221195188726  0.425779291565073 -0.425779291565073 0.422645508147419  -0.425596845941922
5.21504380495906  0.481753674101716 -0.481753674101716 0.477075562983044  -0.48151207036354
5.27787565803085  0.535826794978997 -0.535826794978997 0.529761573305475  -0.535544450249787
5.34070751110265  0.587785252292474 -0.587785252292474 0.580640720795864  -0.587486010244379
5.40353936417444  0.63742398974869 -0.63742398974869 0.62968270296757  -0.637135897489251
5.46637121724624  0.684547105928689 -0.684547105928689 0.676889482096111  -0.684300501335408
5.52920307031804  0.728968627421412 -0.728968627421412 0.722294172290864  -0.728793445961455
5.59203492338983  0.770513242775789 -0.770513242775789 0.76595901357784  -0.770435460310384
5.65486677646163  0.809016994374948 -0.809016994374948 0.80797240576349  -0.809054133351617
5.71769862953342  0.844327925502015 -0.844327925502015 0.848445002717542  -0.844483566378009
5.78053048260522  0.876306680043864 -0.876306680043864 0.887504898915773  -0.876563937746531
5.84336233567702  0.90482705246602 -0.90482705246602 0.925291973758029  -0.905140999043819
5.90619418874881  0.929776485888251 -0.929776485888251 0.961951494240722  -0.930065524971343
5.96902604182061  0.951056516295154 -0.951056516295154 0.997627111742004  -0.951192742161031
6.0318578948924  0.968583161128631 -0.968583161128631 1.03245342254342  -0.968381764513169
6.0946897479642  0.982287250728689 -0.982287250728689 1.06654829273416  -0.981495064360334
6.157521601036  0.992114701314478 -0.992114701314478 1.10000517475357  -0.990398009682564
6.22035345410779  0.998026728428272 -0.998026728428272 1.13288566348869  -0.994958497625205
