0 0
0.01 0.00990049833749168
0.02 0.0196039734661351
0.03 0.0291133660064552
0.04 0.0384315775660929
0.05 0.0475614712250357
0.06 0.0565058720150549
0.07 0.0652675673934164
0.08 0.0738493077109309
0.09 0.0822538066744105
0.1 0.090483741803596
0.11 0.0985417548826181
0.12 0.106430452406059
0.13 0.114152406019673
0.14 0.121710152955833
0.15 0.129106196463759
0.16 0.136343006234594
0.17 0.143423018821385
0.18 0.150348638054029
0.19 0.157122235449239
0.2 0.163746150615596
0.21 0.170222691653739
0.22 0.176554135551745
0.23 0.182742728575767
0.24 0.188790686655973
0.25 0.194700195767851
0.26 0.200473412308927
0.27 0.20611246347095
0.28 0.211619447607603
0.29 0.216996434597784
0.3 0.222245466204515
0.31 0.22736855642953
0.32 0.232367691863581
0.33 0.237244832032536
0.34 0.242001909739287
0.35 0.24664083140155
0.36 0.251163477385571
0.37 0.255571702335821
0.38 0.259867335500695
0.39 0.264052181054284
0.4 0.268128018414256
0.41 0.272096602555891
0.42 0.275959664322324
0.43 0.279718910731026
0.44 0.283376025276582
0.45 0.286932668229798
0.46 0.290390476933186
0.47 0.293751066092869
0.48 0.297016028066948
0.49 0.300186933150364
0.5 0.303265329856317
0.51 0.306252745194256
0.52 0.309150684944501
0.53 0.311960633929528
0.54 0.314684056281955
0.55 0.317322395709268
0.56 0.319877075755336
0.57 0.322349500058736
0.58 0.324741052607933
0.59 0.327053097993359
0.6 0.329286981656416
0.61 0.331444030135445
0.62 0.333525551308698
0.63 0.335532834634345
0.64 0.337467151387551
0.65 0.339329754894661
0.66 0.341121880764522
0.67 0.342844747116984
0.68 0.344499554808601
0.69 0.346087487655578
0.7 0.347609712653987
0.71 0.349067380197285
0.72 0.35046162429118
0.73 0.351793562765848
0.74 0.353064297485566
0.75 0.354274914555761
0.76 0.355426484527531
0.77 0.356520062599646
0.78 0.357556688818074
0.79 0.358537388273061
0.8 0.359463171293777
0.810000000000001 0.360335033640582
0.820000000000001 0.361153956694919
0.830000000000001 0.361920907646875
0.840000000000001 0.362636839680427
0.850000000000001 0.363302692156418
0.860000000000001 0.363919390793264
0.870000000000001 0.364487847845446
0.880000000000001 0.365008962279792
0.890000000000001 0.365483619949588
0.900000000000001 0.365912693766539
0.910000000000001 0.366297043870609
0.920000000000001 0.366637517797753
0.930000000000001 0.366934950645589
0.940000000000001 0.36719016523701
0.950000000000001 0.367403972281776
0.960000000000001 0.367577170536108
0.970000000000001 0.367710546960297
0.980000000000001 0.367804876874372
0.990000000000001 0.367860924111825
1 0.367879441171442
1.01 0.367861169367239
1.02 0.36780683897654
1.03 0.367717169386222
1.04 0.367592869237131
1.05 0.367434636566713
1.06 0.367243158949861
1.07 0.367019113638016
1.08 0.366763167696534
1.09 0.366475978140339
1.1 0.366158192067888
1.11 0.36581044679346
1.12 0.365433369977804
1.13 0.365027579757146
1.14 0.364593684870586
1.15 0.364132284785911
1.16 0.363643969823822
1.17 0.363129321280617
1.18 0.362588911549335
1.19 0.362023304239378
1.2 0.361433054294643
1.21 0.360818708110164
1.22 0.360180803647297
1.23 0.359519870547457
1.24 0.358836430244423
1.25 0.358130996075238
1.26 0.357404073389711
1.27 0.356656159658542
1.28 0.355887744580088
1.29 0.35509931018578
1.3 0.354291330944216
1.31 0.35346427386394
1.32 0.352618598594922
1.33 0.351754757528766
1.34 0.350873195897637
1.35 0.349974351871953
1.36 0.349058656656836
1.37 0.348126534587336
1.38 0.347178403222464
1.39 0.346214673438019
1.4 0.345235749518249
1.41 0.344242029246346
1.42 0.343233903993792
1.43 0.342211758808569
1.44 0.341175972502255
1.45 0.340126917736007
1.46 0.339064961105448
1.47 0.337990463224484
1.48 0.336903778808043
1.49 0.335805256753764
1.5 0.334695240222645
1.51 0.333574066718661
1.52 0.332442068167366
1.53 0.331299570993491
1.54 0.330146896197546
1.55 0.328984359431452
1.56 0.327812271073193
1.57 0.326630936300522
1.58 0.325440655163716
1.59 0.324241722657399
1.6 0.323034428791449
1.61 0.321819058660983
1.62 0.320595892515456
1.63 0.319365205826862
1.64 0.318127269357063
1.65 0.316882349224244
1.66 0.315630706968524
1.67 0.314372599616707
1.68 0.313108279746209
1.69 0.311837995548152
1.7 0.310561990889649
1.71 0.309280505375279
1.72 0.307993774407768
1.73 0.306702029247888
1.74 0.305405497073574
1.75 0.304104401038279
1.76 0.302798960328569
1.77 0.301489390220975
1.78 0.3001759021381
1.79 0.298858703704003
1.8 0.297537998798856
1.81 0.296213987612894
1.82 0.294886866699663
1.83 0.293556829028566
1.84 0.292224064036734
1.85 0.290888757680211
1.86 0.289551092484475
1.87 0.288211247594296
1.88 0.286869398822941
1.89 0.285525718700741
1.9 0.284180376523006
1.91 0.282833538397333
1.92 0.281485367290272
1.93 0.280136023073394
1.94 0.278785662568743
1.95 0.277434439593701
1.96 0.276082505005248
1.97 0.27473000674365
1.98 0.273377089875568
1.99 0.272023896636592
2 0.270670566473225
2.01 0.269317236084298
2.02 0.267964039461846
2.03 0.266611107931441
2.04 0.265258570191989
2.05 0.263906552354999
2.06 0.262555177983331
2.07 0.26120456812943
2.08 0.259854841373051
2.09 0.258506113858481
2.1 0.257158499331262
2.11 0.255812109174435
2.12 0.254467052444288
2.13 0.253123435905633
2.14 0.251781364066608
2.15 0.250440939213019
2.16 0.249102261442215
2.17 0.247765428696515
2.18 0.246430536796181
2.19 0.245097679471951
2.2 0.243766948397135
2.21 0.242438433219281
2.22 0.241112221591407
2.23 0.239788399202823
2.24 0.238467049809527
2.25 0.237148255264195
2.26 0.235832095545769
2.27 0.234518648788638
2.28 0.233207991311426
2.29 0.231900197645394
2.29999999999999 0.230595340562449
2.30999999999999 0.229293491102782
2.31999999999999 0.227994718602119
2.32999999999999 0.226699090718612
2.33999999999999 0.225406673459354
2.34999999999999 0.224117531206542
2.35999999999999 0.222831726743274
2.36999999999999 0.221549321278999
2.37999999999999 0.220270374474618
2.38999999999999 0.218994944467237
2.39999999999999 0.217723087894591
2.40999999999999 0.216454859919118
2.41999999999999 0.215190314251716
2.42999999999999 0.213929503175166
2.43999999999999 0.212672477567235
2.44999999999999 0.211419286923459
2.45999999999999 0.210169979379611
2.46999999999999 0.208924601733866
2.47999999999999 0.207683199468647
2.48999999999999 0.206445816772181
2.49999999999999 0.205212496559748
2.50999999999999 0.203983280494639
2.51999999999999 0.202758209008823
2.52999999999999 0.201537321323323
2.53999999999999 0.200320655468316
2.54999999999999 0.199108248302942
2.55999999999999 0.197900135534849
2.56999999999999 0.196696351739454
2.57999999999999 0.195496930378943
2.58999999999999 0.194301903820998
2.59999999999999 0.193111303357269
2.60999999999999 0.19192515922158
2.61999999999999 0.190743500607883
2.62999999999999 0.189566355687956
2.63999999999999 0.188393751628861
2.64999999999999 0.18722571461014
2.65999999999999 0.186062269840785
2.66999999999999 0.184903441575955
2.67999999999999 0.183749253133466
2.68999999999999 0.18259972691004
2.69999999999999 0.181454884397326
2.70999999999999 0.180314746197697
2.71999999999999 0.179179332039818
2.72999999999999 0.17804866079399
2.73999999999999 0.176922750487283
2.74999999999999 0.175801618318447
2.75999999999999 0.17468528067261
2.76999999999998 0.173573753135766
2.77999999999998 0.172467050509058
2.78999999999998 0.171365186822852
2.79999999999998 0.170268175350612
2.80999999999998 0.169176028622571
2.81999999999998 0.168088758439211
2.82999999999998 0.167006375884539
2.83999999999998 0.165928891339184
2.84999999999998 0.164856314493291
2.85999999999998 0.163788654359238
2.86999999999998 0.162725919284162
2.87999999999998 0.161668116962307
2.88999999999998 0.160615254447188
2.89999999999998 0.159567338163583
2.90999999999998 0.158524373919344
2.91999999999998 0.157486366917041
2.92999999999998 0.156453321765429
2.93999999999998 0.155425242490752
2.94999999999998 0.154402132547877
2.95999999999998 0.15338399483127
2.96999999999998 0.152370831685802
2.97999999999998 0.1513626449174
2.98999999999998 0.150359435803542
2.99999999999998 0.149361205103594
3.00999999999998 0.148367953068993
3.01999999999998 0.147379679453281
3.02999999999998 0.146396383521987
3.03999999999998 0.145418064062365
3.04999999999998 0.144444719392982
3.05999999999998 0.143476347373167
3.06999999999998 0.142512945412316
3.07999999999998 0.141554510479058
3.08999999999998 0.140601039110283
3.09999999999998 0.139652527420031
3.10999999999998 0.138708971108256
3.11999999999998 0.137770365469444
3.12999999999998 0.136836705401113
3.13999999999998 0.135907985412175
3.14999999999998 0.134984199631179
3.15999999999998 0.134065341814418
3.16999999999998 0.133151405353925
3.17999999999998 0.132242383285333
3.18999999999998 0.131338268295628
3.19999999999998 0.130439052730774
3.20999999999998 0.129544728603222
3.21999999999998 0.128655287599308
3.22999999999998 0.12777072108653
3.23999999999997 0.12689102012072
3.24999999999997 0.126016175453099
3.25999999999997 0.125146177537222
3.26999999999997 0.124281016535822
3.27999999999997 0.12342068232754
3.28999999999997 0.122565164513552
3.29999999999997 0.121714452424094
3.30999999999997 0.120868535124883
3.31999999999997 0.120027401423436
3.32999999999997 0.119191039875294
3.33999999999997 0.118359438790142
3.34999999999997 0.117532586237833
3.35999999999997 0.116710470054324
3.36999999999997 0.115893077847505
3.37999999999997 0.115080397002948
3.38999999999997 0.114272414689553
3.39999999999997 0.113469117865111
3.40999999999997 0.112670493281777
3.41999999999997 0.11187652749145
3.42999999999997 0.111087206851073
3.43999999999997 0.110302517527843
3.44999999999997 0.109522445504337
3.45999999999997 0.108746976583555
3.46999999999997 0.107976096393884
3.47999999999997 0.107209790393976
3.48999999999997 0.106448043877551
3.49999999999997 0.105690841978117
3.50999999999997 0.104938169673614
3.51999999999997 0.104190011790982
3.52999999999997 0.103446353010656
3.53999999999997 0.10270717787098
3.54999999999997 0.101972470772552
3.55999999999997 0.101242215982499
3.56999999999997 0.100516397638674
3.57999999999997 0.0997949997537867
3.58999999999997 0.0990780062194673
3.59999999999997 0.0983654008102555
3.60999999999997 0.0976571671875273
3.61999999999997 0.0969532889033525
3.62999999999997 0.0962537494042882
3.63999999999997 0.0955585320351065
3.64999999999997 0.0948676200424593
3.65999999999997 0.0941809965784797
3.66999999999997 0.0934986447043216
3.67999999999997 0.0928205473936385
3.68999999999997 0.0921466875360013
3.69999999999997 0.0914770479402581
3.70999999999996 0.0908116113378337
3.71999999999996 0.0901503603859733
3.72999999999996 0.0894932776709275
3.73999999999996 0.088840345711083
3.74999999999996 0.0881915469600365
3.75999999999996 0.0875468638096151
3.76999999999996 0.0869062785928427
3.77999999999996 0.0862697735868538
3.78999999999996 0.0856373310157542
3.79999999999996 0.0850089330534316
3.80999999999996 0.0843845618263145
3.81999999999996 0.0837641994160817
3.82999999999996 0.0831478278623223
3.83999999999996 0.0825354291651476
3.84999999999996 0.0819269852877544
3.85999999999996 0.0813224781589422
3.86999999999996 0.0807218896755833
3.87999999999996 0.0801252017050471
3.88999999999996 0.0795323960875798
3.89999999999996 0.0789434546386394
3.90999999999996 0.0783583591511868
3.91999999999996 0.0777770913979338
3.92999999999996 0.0771996331335489
3.93999999999996 0.0766259660968207
3.94999999999996 0.0760560720127806
3.95999999999996 0.0754899325947844
3.96999999999996 0.0749275295465537
3.97999999999996 0.0743688445641787
3.98999999999996 0.0738138593380811
3.99999999999996 0.073262555554939
4.00999999999996 0.0727149148995745
4.01999999999996 0.0721709190568037
4.02999999999996 0.0716305497132498
4.03999999999996 0.0710937885591207
4.04999999999996 0.070560617289951
4.05999999999996 0.0700310176083081
4.06999999999996 0.0695049712254654
4.07999999999996 0.0689824598630397
4.08999999999996 0.068463465254597
4.09999999999996 0.0679479691472233
4.10999999999996 0.067435953303065
4.11999999999996 0.0669273995008357
4.12999999999996 0.0664222895372924
4.13999999999996 0.0659206052286806
4.14999999999996 0.0654223284121483
4.15999999999996 0.0649274409471308
4.16999999999996 0.0644359247167049
4.17999999999996 0.0639477616289148
4.18999999999996 0.063462933618069
4.19999999999995 0.0629814226460085
4.20999999999995 0.0625032107033477
4.21999999999995 0.0620282798106877
4.22999999999995 0.0615566120198024
4.23999999999995 0.0610881894147985
4.24999999999995 0.060622994113249
4.25999999999995 0.0601610082673006
4.26999999999995 0.0597022140647567
4.27999999999995 0.0592465937301344
4.28999999999995 0.0587941295256977
4.29999999999995 0.0583448037524661
4.30999999999995 0.0578985987511994
4.31999999999995 0.0574554969033592
4.32999999999995 0.0570154806320474
4.33999999999995 0.0565785324029219
4.34999999999995 0.0561446347250895
4.35999999999995 0.055713770151978
4.36999999999995 0.0552859212821853
4.37999999999995 0.0548610707603079
4.38999999999995 0.0544392012777486
4.39999999999995 0.0540202955735032
4.40999999999995 0.0536043364349269
4.41999999999995 0.0531913066984811
4.42999999999995 0.0527811892504602
4.43999999999995 0.052373967027699
4.44999999999995 0.0519696230182618
4.45999999999995 0.0515681402621117
4.46999999999995 0.0511695018517625
4.47999999999995 0.0507736909329119
4.48999999999995 0.050380690705057
4.49999999999995 0.0499904844220924
4.50999999999995 0.049603055392891
4.51999999999995 0.0492183869818681
4.52999999999995 0.0488364626095282
4.53999999999995 0.0484572657529961
4.54999999999995 0.0480807799465316
4.55999999999995 0.0477069887820282
4.56999999999995 0.0473358759094966
4.57999999999995 0.0469674250375324
4.58999999999995 0.0466016199337692
4.59999999999995 0.0462384444253164
4.60999999999995 0.0458778823991832
4.61999999999995 0.0455199178026871
4.62999999999995 0.0451645346438496
4.63999999999995 0.0448117169917772
4.64999999999995 0.0444614489770292
4.65999999999995 0.044113714791972
4.66999999999994 0.0437684986911202
4.67999999999994 0.0434257849914649
4.68999999999994 0.0430855580727894
4.69999999999994 0.0427478023779722
4.70999999999994 0.0424125024132781
4.71999999999994 0.0420796427486365
4.72999999999994 0.0417492080179093
4.73999999999994 0.0414211829191453
4.74999999999994 0.0410955522148249
4.75999999999994 0.0407723007320926
4.76999999999994 0.0404514133629789
4.77999999999994 0.0401328750646111
4.78999999999994 0.0398166708594136
4.79999999999994 0.0395027858352979
4.80999999999994 0.0391912051458425
4.81999999999994 0.038881914010462
4.82999999999994 0.0385748977145669
4.83999999999994 0.038270141609714
4.84999999999994 0.0379676311137468
4.85999999999994 0.0376673517109261
4.86999999999994 0.0373692889520528
4.87999999999994 0.0370734284545803
4.88999999999994 0.0367797559027188
4.89999999999994 0.036488257047531
4.90999999999994 0.0361989177070187
4.91999999999994 0.0359117237662016
4.92999999999994 0.0356266611771877
4.93999999999994 0.0353437159592358
4.94999999999994 0.0350628741988097
4.95999999999994 0.0347841220496254
4.96999999999994 0.0345074457326899
4.97999999999994 0.034232831536333
4.98999999999994 0.0339602658162321
4.99999999999994 0.033689734995429
5.00999999999994 0.0334212255643406
5.01999999999994 0.033154724080762
5.02999999999994 0.0328902171698635
5.03999999999994 0.0326276915241803
5.04999999999994 0.0323671339035964
5.05999999999994 0.0321085311353218
5.06999999999994 0.0318518701138633
5.07999999999994 0.0315971378009899
5.08999999999994 0.0313443212256913
5.09999999999994 0.0310934074841314
5.10999999999994 0.0308443837395954
5.11999999999994 0.030597237222432
5.12999999999994 0.0303519552299895
5.13999999999993 0.0301085251265467
5.14999999999993 0.0298669343432386
5.15999999999993 0.0296271703779773
5.16999999999993 0.0293892207953669
5.17999999999993 0.0291530732266146
5.18999999999993 0.0289187153694363
5.19999999999993 0.0286861349879576
5.20999999999993 0.02845531991261
5.21999999999993 0.0282262580400233
5.22999999999993 0.0279989373329128
5.23999999999993 0.0277733458199624
5.24999999999993 0.0275494715957038
5.25999999999993 0.027327302820391
5.26999999999993 0.0271068277198716
5.27999999999993 0.0268880345854532
5.28999999999993 0.0266709117737668
5.29999999999993 0.0264554477066256
5.30999999999993 0.0262416308708813
5.31999999999993 0.0260294498182755
5.32999999999993 0.0258188931652884
5.33999999999993 0.0256099495929843
5.34999999999993 0.0254026078468528
5.35999999999993 0.0251968567366478
5.36999999999993 0.0249926851362226
5.37999999999993 0.0247900819833624
5.38999999999993 0.0245890362796136
5.39999999999993 0.0243895370901098
5.40999999999993 0.0241915735433959
5.41999999999993 0.0239951348312482
5.42999999999993 0.0238002102084928
5.43999999999993 0.023606788992821
5.44999999999993 0.0234148605646016
5.45999999999993 0.023224414366692
5.46999999999993 0.0230354399042451
5.47999999999993 0.0228479267445159
5.48999999999993 0.0226618645166637
5.49999999999993 0.0224772429115537
5.50999999999993 0.0222940516815556
5.51999999999993 0.0221122806403404
5.52999999999993 0.0219319196626749
5.53999999999993 0.0217529586842145
5.54999999999993 0.0215753877012938
5.55999999999993 0.0213991967707159
5.56999999999993 0.0212243760095389
5.57999999999993 0.0210509155948618
5.58999999999993 0.0208788057636076
5.59999999999993 0.0207080368123057
5.60999999999992 0.0205385990968722
5.61999999999992 0.0203704830323888
5.62999999999992 0.0202036790928801
5.63999999999992 0.0200381778110897
5.64999999999992 0.0198739697782548
5.65999999999992 0.0197110456438793
5.66999999999992 0.019549396115506
5.67999999999992 0.0193890119584873
5.68999999999992 0.0192298839957547
5.69999999999992 0.0190720031075875
5.70999999999992 0.0189153602313796
5.71999999999992 0.0187599463614064
5.72999999999992 0.0186057525485899
5.73999999999992 0.0184527699002626
5.74999999999992 0.0183009895799318
5.75999999999992 0.0181504028070412
5.76999999999992 0.0180010008567332
5.77999999999992 0.0178527750596097
5.78999999999992 0.0177057168014921
5.79999999999992 0.0175598175231809
5.80999999999992 0.0174150687202142
5.81999999999992 0.0172714619426262
5.82999999999992 0.0171289887947044
5.83999999999992 0.0169876409347466
5.84999999999992 0.0168474100748173
5.85999999999992 0.0167082879805038
5.86999999999992 0.0165702664706711
5.87999999999992 0.0164333374172177
5.88999999999992 0.0162974927448296
5.89999999999992 0.0161627244307345
5.90999999999992 0.0160290245044562
5.91999999999992 0.0158963850475677
5.92999999999992 0.0157647981934449
5.93999999999992 0.0156342561270195
5.94999999999992 0.0155047510845316
5.95999999999992 0.0153762753532831
5.96999999999992 0.0152488212713892
5.97999999999992 0.015122381227532
5.98999999999992 0.0149969476607116
5.99999999999992 0.0148725130599992
6.00999999999992 0.0147490699642887
6.01999999999992 0.0146266109620491
6.02999999999992 0.0145051286910767
6.03999999999992 0.0143846158382469
6.04999999999992 0.0142650651392669
6.05999999999992 0.0141464693784276
6.06999999999992 0.0140288213883559
6.07999999999991 0.0139121140497678
6.08999999999991 0.0137963402912202
6.09999999999991 0.0136814930888644
6.10999999999991 0.0135675654661986
6.11999999999991 0.0134545504938213
6.12999999999991 0.0133424412891847
6.13999999999991 0.0132312310163483
6.14999999999991 0.0131209128857329
6.15999999999991 0.0130114801538745
6.16999999999991 0.0129029261231792
6.17999999999991 0.0127952441416777
6.18999999999991 0.0126884276027808
6.19999999999991 0.0125824699450345
6.20999999999991 0.012477364651876
6.21999999999991 0.0123731052513902
6.22999999999991 0.0122696853160663
6.23999999999991 0.0121670984625545
6.24999999999991 0.0120653383514241
6.25999999999991 0.0119643986869212
6.26999999999991 0.0118642732167272
6.27999999999991 0.0117649557317177
6.28999999999991 0.011666440065722
6.29999999999991 0.011568720095283
6.30999999999991 0.0114717897394177
6.31999999999991 0.0113756429593782
6.32999999999991 0.0112802737584133
6.33999999999991 0.0111856761815305
6.34999999999991 0.011091844315259
6.35999999999991 0.0109987722874124
6.36999999999991 0.0109064542668532
6.37999999999991 0.0108148844632572
6.38999999999991 0.0107240571268781
6.39999999999991 0.010633966548314
6.40999999999991 0.0105446070582732
6.41999999999991 0.0104559730273416
6.42999999999991 0.0103680588657502
6.43999999999991 0.0102808590231437
6.44999999999991 0.0101943679883494
6.45999999999991 0.0101085802891471
6.46999999999991 0.0100234904920395
6.47999999999991 0.00993909320202331
6.48999999999991 0.00985538306236135
6.49999999999991 0.009772354754355
6.50999999999991 0.00969000299711766
6.51999999999991 0.00960832254734882
6.52999999999991 0.00952730819910895
6.53999999999991 0.00944695478359511
6.5499999999999 0.00936725716891733
6.5599999999999 0.00928821025987578
6.5699999999999 0.0092098089977387
6.5799999999999 0.00913204836002116
6.5899999999999 0.00905492336026452
6.5999999999999 0.00897842904781683
6.6099999999999 0.00890256050761388
6.6199999999999 0.00882731285996116
6.6299999999999 0.00875268126031665
6.6399999999999 0.00867866089907433
6.6499999999999 0.0086052470013486
6.6599999999999 0.00853243482675956
6.6699999999999 0.00846021966921899
6.6799999999999 0.00838859685671732
6.6899999999999 0.0083175617511114
6.6999999999999 0.00824710974791301
6.7099999999999 0.00817723627607844
6.7199999999999 0.00810793679779871
6.7299999999999 0.00803920680829079
6.7399999999999 0.00797104183558964
6.7499999999999 0.0079034374403411
6.7599999999999 0.0078363892155957
6.7699999999999 0.00776989278660331
6.7799999999999 0.00770394381060867
6.7899999999999 0.0076385379766478
6.7999999999999 0.00757367100534531
6.8099999999999 0.0075093386487126
6.8199999999999 0.00744553668994691
6.8299999999999 0.0073822609432313
6.8399999999999 0.00731950725353553
6.8499999999999 0.00725727149641776
6.8599999999999 0.00719554957782726
6.8699999999999 0.00713433743390793
6.8799999999999 0.00707363103080276
6.8899999999999 0.00701342636445918
6.8999999999999 0.00695371946043534
6.9099999999999 0.0068945063737072
6.9199999999999 0.00683578318847671
6.9299999999999 0.00677754601798068
6.9399999999999 0.00671979100430073
6.9499999999999 0.00666251431817403
6.9599999999999 0.00660571215880506
6.9699999999999 0.00654938075367817
6.9799999999999 0.00649351635837113
6.9899999999999 0.00643811525636953
6.9999999999999 0.00638317375888219
7.0099999999999 0.00632868820465732
7.01999999999989 0.0062746549597998
7.02999999999989 0.00622107041758914
7.03999999999989 0.00616793099829858
7.04999999999989 0.00611523314901492
7.05999999999989 0.00606297334345937
7.06999999999989 0.00601114808180926
7.07999999999989 0.00595975389052067
7.08999999999989 0.00590878732215202
7.09999999999989 0.00585824495518846
7.10999999999989 0.00580812339386729
7.11999999999989 0.00575841926800421
7.12999999999989 0.00570912923282049
7.13999999999989 0.00566024996877111
7.14999999999989 0.00561177818137368
7.15999999999989 0.0055637106010384
7.16999999999989 0.00551604398289883
7.17999999999989 0.00546877510664359
7.18999999999989 0.00542190077634901
7.19999999999989 0.0053754178203126
7.20999999999989 0.00532932309088743
7.21999999999989 0.00528361346431751
7.22999999999989 0.00523828584057392
7.23999999999989 0.00519333714319192
7.24999999999989 0.00514876431910897
7.25999999999989 0.00510456433850355
7.26999999999989 0.00506073419463497
7.27999999999989 0.00501727090368401
7.28999999999989 0.00497417150459446
7.29999999999989 0.00493143305891554
7.30999999999989 0.0048890526506452
7.31999999999989 0.00484702738607433
7.32999999999989 0.00480535439363182
7.33999999999989 0.00476403082373046
7.34999999999989 0.00472305384861381
7.35999999999989 0.00468242066220385
7.36999999999989 0.00464212847994957
7.37999999999989 0.00460217453867635
7.38999999999989 0.00456255609643627
7.39999999999989 0.00452327043235928
7.40999999999989 0.00448431484650519
7.41999999999989 0.00444568665971653
7.42999999999989 0.00440738321347232
7.43999999999989 0.00436940186974261
7.44999999999989 0.00433174001084391
7.45999999999989 0.00429439503929551
7.46999999999989 0.00425736437767655
7.47999999999989 0.00422064546848402
7.48999999999988 0.00418423577399158
7.49999999999988 0.00414813277610917
7.50999999999988 0.0041123339762435
7.51999999999988 0.00407683689515939
7.52999999999988 0.00404163907284188
7.53999999999988 0.00400673806835923
7.54999999999988 0.00397213145972668
7.55999999999988 0.00393781684377109
7.56999999999988 0.00390379183599637
7.57999999999988 0.00387005407044971
7.58999999999988 0.00383660119958867
7.59999999999988 0.00380343089414903
7.60999999999988 0.00377054084301347
7.61999999999988 0.00373792875308107
7.62999999999988 0.00370559234913755
7.63999999999988 0.00367352937372641
7.64999999999988 0.00364173758702074
7.65999999999988 0.00361021476669594
7.66999999999988 0.00357895870780314
7.67999999999988 0.00354796722264345
7.68999999999988 0.003517238140643
7.69999999999988 0.0034867693082287
7.70999999999988 0.00345655858870487
7.71999999999988 0.00342660386213055
7.72999999999988 0.00339690302519762
7.73999999999988 0.00336745399110974
7.74999999999988 0.00333825468946193
7.75999999999988 0.00330930306612102
7.76999999999988 0.00328059708310682
7.77999999999988 0.00325213471847403
7.78999999999988 0.0032239139661949
7.79999999999988 0.00319593283604268
7.80999999999988 0.00316818935347576
7.81999999999988 0.0031406815595226
7.82999999999988 0.00311340751066732
7.83999999999988 0.00308636527873614
7.84999999999988 0.00305955295078445
7.85999999999988 0.00303296862898465
7.86999999999988 0.00300661043051469
7.87999999999988 0.00298047648744741
7.88999999999988 0.00295456494664048
7.89999999999988 0.00292887396962712
7.90999999