0 0 0 0 0
0.0634665182543393 0.0634239196565645 0.0571399419140644 0.00201332352811556 0.00181323658327043
0.126933036508679 0.126592453573749 0.114279883828129 0.00804518716920466 0.00725294633308171
0.190399554763018 0.18925124436041 0.171419825742193 0.0180713027372933 0.0163191292494339
0.253866073017357 0.251147987181079 0.228559767656258 0.0320512986036438 0.0290117853323269
0.317332591271696 0.312033445698487 0.285699709570322 0.0499288822590546 0.0453309145817607
0.380799109526036 0.371662455660328 0.342839651484387 0.0716320669839274 0.0652765169977354
0.444265627780375 0.429794912089172 0.399979593398451 0.0970734617133788 0.088848592580251
0.507732146034714 0.486196736100469 0.457119535312516 0.126150622930215 0.116047141329307
0.571198664289053 0.540640817455598 0.51425947722658 0.158746467168819 0.146872163244905
0.634665182543393 0.59290792905464 0.571399419140644 0.194729742468941 0.181323658327043
0.698131700797732 0.642787609686539 0.628539361054709 0.233955556881022 0.219401626575722
0.761598219052071 0.690079011482112 0.685679302968773 0.27626596189493 0.261106067990942
0.82506473730641 0.734591708657533 0.721899367995308 0.321490588442868 0.30602207265134
0.88853125556075 0.776146464291757 0.745567506889324 0.369447332915477 0.352589579252591
0.951997773815089 0.814575952050336 0.76923564578334 0.419943090428802 0.400659220223007
1.01546429206943 0.849725429949514 0.792903784677357 0.472774532389498 0.450230995562585
1.07893081032377 0.881453363447582 0.816571923571373 0.527728925227317 0.501304905271327
1.14239732857811 0.909631995354518 0.84024006246539 0.584584986998114 0.553880949349232
1.20586384683245 0.934147860265107 0.863908201359406 0.643113778408128 0.6079591277963
1.26933036508679 0.954902241444074 0.887576340253422 0.703079624671725 0.663539440612532
1.33279688334112 0.971811568323542 0.911244479147439 0.764241064490573 0.720621887797927
1.39626340159546 0.984807753012208 0.934912618041455 0.82635182233307 0.779206469352486
1.4597299198498 0.993838464461254 0.958580756935471 0.889161800098989 0.839293185276207
1.52319643810414 0.998867339183008 0.982248895829488 0.952418084176258 0.900882035569093
1.58666295635848 0.999874127673875 0.994082965276496 1.01586596383481 0.963879136833069
1.65012947461282 0.996854775951942 0.970414826382479 1.07924995685679 1.02621905431054
1.71359599286716 0.989821441880933 0.946746687488463 1.14231483827329 1.08705683741884
1.7770625111215 0.978802446214779 0.923078548594447 1.20480666806519 1.14639248615798
1.84052902937584 0.963842158559942 0.89941040970043 1.26647381369004 1.20422600052796
1.90399554763018 0.945000818714668 0.875742270806414 1.32706796331742 1.26055738052877
1.96746206588452 0.922354294104581 0.852074131912398 1.38634512569313 1.31538662616042
2.03092858413886 0.895993774291336 0.828405993018381 1.44406661260577 1.36871373742291
2.0943951023932 0.866025403784438 0.804737854124365 1.5 1.42053871431623
2.15786162064753 0.832569854634771 0.781069715230349 1.55392006386611 1.47086155684039
2.22132813890187 0.795761840530832 0.757401576336332 1.60560968713767 1.51968226499539
2.28479465715621 0.755749574354258 0.733733437442316 1.65486073394529 1.56700083878122
2.34826117541055 0.712694171378863 0.7100652985483 1.70147488770632 1.61281727819789
2.41172769366489 0.666769000516292 0.657109332011741 1.74526444967575 1.65631835979953
2.47519421191923 0.618158986220605 0.599969390097677 1.78605309474279 1.69620956463148
2.53866073017357 0.567059863862771 0.542829448183612 1.82367658142983 1.73247429629688
2.60212724842791 0.513677391573406 0.485689506269548 1.85798341323498 1.76511255479575
2.66559376668225 0.458226521727411 0.428549564355483 1.88883544865492 1.79412434012808
2.72906028493659 0.400930535406614 0.371409622441419 1.91610845743207 1.81950965229386
2.79252680319093 0.342020143325669 0.314269680527355 1.93969262078591 1.84126849129311
2.85599332144527 0.28173255684143 0.25712973861329 1.9594929736145 1.85940085712581
2.91945983969961 0.220310532786541 0.199989796699226 1.97542978688541 1.87390674979198
2.98292635795395 0.15800139597335 0.142849854785161 1.98743888867639 1.8847861692916
3.04639287620828 0.0950560433041824 0.0857099128710964 1.99547192257308 1.89203911562468
3.10985939446262 0.0317279334980677 0.0285699709570322 1.99949654238319 1.89566558879122
3.17332591271696 -0.0317279334980679 -0.0285699709570324 1.99949654238319 1.89566558879122
3.2367924309713 -0.0950560433041826 -0.0857099128710966 1.99547192257308 1.89203911562468
3.30025894922564 -0.15800139597335 -0.142849854785161 1.98743888867639 1.8847861692916
3.36372546747998 -0.220310532786541 -0.199989796699226 1.97542978688541 1.87390674979198
3.42719198573432 -0.28173255684143 -0.25712973861329 1.9594929736145 1.85940085712581
3.49065850398866 -0.342020143325669 -0.314269680527354 1.93969262078591 1.84126849129311
3.554125022243 -0.400930535406614 -0.371409622441419 1.91610845743207 1.81950965229386
3.61759154049734 -0.45822652172741 -0.428549564355483 1.88883544865492 1.79412434012808
3.68105805875168 -0.513677391573406 -0.485689506269548 1.85798341323498 1.76511255479575
3.74452457700602 -0.567059863862771 -0.542829448183612 1.82367658142983 1.73247429629688
3.80799109526036 -0.618158986220605 -0.599969390097677 1.78605309474279 1.69620956463148
3.87145761351469 -0.666769000516292 -0.657109332011741 1.74526444967575 1.65631835979952
3.93492413176903 -0.712694171378863 -0.7100652985483 1.70147488770632 1.61281727819789
3.99839065002337 -0.755749574354258 -0.733733437442316 1.65486073394529 1.56700083878122
4.06185716827771 -0.795761840530832 -0.757401576336332 1.60560968713767 1.51968226499538
4.12532368653205 -0.832569854634771 -0.781069715230349 1.55392006386611 1.47086155684039
4.18879020478639 -0.866025403784439 -0.804737854124365 1.5 1.42053871431623
4.25225672304073 -0.895993774291336 -0.828405993018381 1.44406661260577 1.3687137374229
4.31572324129507 -0.922354294104581 -0.852074131912398 1.38634512569313 1.31538662616042
4.37918975954941 -0.945000818714668 -0.875742270806414 1.32706796331742 1.26055738052877
4.44265627780375 -0.963842158559942 -0.899410409700431 1.26647381369003 1.20422600052795
4.50612279605809 -0.978802446214779 -0.923078548594447 1.20480666806519 1.14639248615798
4.56958931431243 -0.989821441880933 -0.946746687488463 1.14231483827329 1.08705683741884
4.63305583256677 -0.996854775951942 -0.970414826382479 1.07924995685679 1.02621905431053
4.69652235082111 -0.999874127673875 -0.994082965276496 1.01586596383481 0.963879136833066
4.75998886907544 -0.998867339183008 -0.982248895829488 0.952418084176258 0.900882035569091
4.82345538732978 -0.993838464461254 -0.958580756935471 0.889161800098989 0.839293185276205
4.88692190558412 -0.984807753012208 -0.934912618041455 0.82635182233307 0.779206469352485
4.95038842383846 -0.971811568323542 -0.911244479147439 0.764241064490573 0.720621887797925
5.0138549420928 -0.954902241444074 -0.887576340253422 0.703079624671725 0.663539440612531
5.07732146034714 -0.934147860265107 -0.863908201359406 0.643113778408128 0.607959127796299
5.14078797860148 -0.909631995354518 -0.840240062465389 0.584584986998113 0.553880949349229
5.20425449685582 -0.881453363447582 -0.816571923571373 0.527728925227317 0.501304905271325
5.26772101511016 -0.849725429949514 -0.792903784677357 0.472774532389498 0.450230995562584
5.3311875333645 -0.814575952050336 -0.769235645783341 0.419943090428802 0.400659220223005
5.39465405161884 -0.776146464291757 -0.745567506889324 0.369447332915477 0.35258957925259
5.45812056987318 -0.734591708657533 -0.721899367995308 0.321490588442868 0.306022072651338
5.52158708812752 -0.690079011482112 -0.685679302968773 0.27626596189493 0.261106067990941
5.58505360638185 -0.64278760968654 -0.628539361054709 0.233955556881022 0.219401626575721
5.64852012463619 -0.59290792905464 -0.571399419140644 0.194729742468941 0.18132365832704
5.71198664289053 -0.540640817455597 -0.51425947722658 0.158746467168819 0.146872163244906
5.77545316114487 -0.486196736100469 -0.457119535312516 0.126150622930215 0.116047141329305
5.83891967939921 -0.429794912089172 -0.399979593398451 0.0970734617133789 0.0888485925802512
5.90238619765355 -0.371662455660327 -0.342839651484386 0.0716320669839273 0.0652765169977312
5.96585271590789 -0.312033445698487 -0.285699709570322 0.0499288822590546 0.0453309145817558
6.02931923416223 -0.251147987181079 -0.228559767656258 0.0320512986036438 0.0290117853323276
6.09278575241657 -0.18925124436041 -0.171419825742193 0.0180713027372932 0.0163191292494301
6.15625227067091 -0.126592453573749 -0.114279883828129 0.00804518716920466 0.00725294633307724
6.21971878892525 -0.0634239196565645 -0.0571399419140645 0.00201332352811556 0.00181323658327157
6.28318530717959 -2.44921270764475E-16 -2.22044604925031E-16 0 4.44089209850063E-16
