0  0  0  0  0  0  
0.0196078431372549  0.012190875990388  0.0243355078124535  -0.0363878267178453  -0.0483021141327217  0.060033175083968  
0.0392156862745098  0.024335507812454  0.0483021141327209  -0.0715365096392022  -0.0936864845798537  0.11441626791302  
0.0588235294117647  0.0363878267178448  0.0715365096392004  -0.104249102523383  -0.133411617254145  0.158030959368917  
0.0784313725490196  0.0483021141327217  0.0936864845798523  -0.133411617254145  -0.165077870709236  0.186772409187858  
0.0980392156862745  0.0600331750839676  0.114416267913018  -0.158030959368918  -0.186772409187857  0.197935587103237  
0.117647058823529  0.0715365096392019  0.133411617254144  -0.177268746699626  -0.197184749623285  0.190469859471907  
0.137254901960784  0.0827684817102666  0.150384582470011  -0.190469859471907  -0.195685922847128  0.165077870709238  
0.156862745098039  0.0936864845798547  0.165077870709236  -0.197184749623287  -0.182366467181371  0.124149413207928  
0.176470588235294  0.104249102523383  0.177268746699624  -0.197184749623288  -0.158030959368918  0.0715365096392031  
0.196078431372549  0.114416267913021  0.186772409187857  -0.190469859471907  -0.124149413207927  0.0121908759903894  
0.215686274509804  0.124149413207929  0.193444792338112  -0.177268746699627  -0.082768481710267  -0.0483021141327209  
0.235294117647059  0.133411617254147  0.197184749623285  -0.158030959368919  -0.0363878267178458  -0.104249102523381  
0.254901960784314  0.142167745339185  0.197935587103236  -0.133411617254146  0.0121908759903874  -0.150384582470011  
0.274509803921569  0.150384582470015  0.195685922847128  -0.104249102523382  0.0600331750839668  -0.182366467181371  
0.294117647058824  0.15803095936892  0.190469859471904  -0.071536509639202  0.104249102523381  -0.197184749623285  
0.313725490196078  0.16507787070924  0.182366467181371  -0.036387826717845  0.142167745339183  -0.193444792338113  
0.333333333333333  0.171498585142512  0.171498585142508  5.83093206453351E-16  0.171498585142508  -0.171498585142509  
0.352941176470588  0.177268746699629  0.158030959368916  0.0363878267178462  0.190469859471905  -0.133411617254145  
0.372549019607843  0.182366467181374  0.142167745339182  0.0715365096392028  0.197935587103235  -0.0827684817102662  
0.392156862745098  0.186772409187861  0.124149413207925  0.104249102523383  0.193444792338112  -0.0243355078124541  
0.411764705882353  0.190469859471908  0.10424910252338  0.133411617254146  0.177268746699623  0.0363878267178451  
0.431372549019608  0.193444792338116  0.082768481710264  0.158030959368918  0.15038458247001  0.0936864845798544  
0.450980392156863  0.195685922847131  0.0600331750839655  0.177268746699627  0.114416267913017  0.142167745339183  
0.470588235294118  0.197184749623287  0.0363878267178426  0.190469859471906  0.0715365096391988  0.177268746699626  
0.490196078431373  0.197935587103237  0.0121908759903859  0.197184749623287  0.0243355078124514  0.195685922847129  
0.509803921568627  0.197935587103236  -0.0121908759903904  0.197184749623286  -0.0243355078124561  0.195685922847129  
0.529411764705882  0.197184749623286  -0.0363878267178476  0.190469859471904  -0.0715365096392037  0.177268746699625  
0.549019607843137  0.195685922847128  -0.06003317508397  0.177268746699624  -0.114416267913021  0.142167745339183  
0.568627450980392  0.193444792338112  -0.0827684817102693  0.158030959368916  -0.150384582470014  0.0936864845798538  
0.588235294117647  0.190469859471904  -0.104249102523385  0.133411617254144  -0.177268746699626  0.0363878267178452  
0.607843137254902  0.186772409187857  -0.12414941320793  0.10424910252338  -0.193444792338114  -0.0243355078124536  
0.627450980392157  0.18236646718137  -0.142167745339186  0.0715365096391995  -0.197935587103236  -0.0827684817102657  
0.647058823529412  0.177268746699624  -0.15803095936892  0.0363878267178428  -0.190469859471905  -0.133411617254145  
0.666666666666667  0.171498585142507  -0.171498585142511  -2.3705041248591E-15  -0.171498585142508  -0.171498585142509  
0.686274509803922  0.165077870709236  -0.182366467181374  -0.0363878267178472  -0.142167745339183  -0.193444792338113  
0.705882352941177  0.158030959368916  -0.190469859471908  -0.0715365096392043  -0.104249102523381  -0.197184749623286  
0.725490196078431  0.150384582470011  -0.195685922847131  -0.104249102523384  -0.0600331750839665  -0.182366467181371  
0.745098039215686  0.142167745339182  -0.197935587103239  -0.133411617254147  -0.0121908759903869  -0.150384582470012  
0.764705882352941  0.133411617254143  -0.197184749623288  -0.158030959368918  0.0363878267178469  -0.104249102523382  
0.784313725490196  0.124149413207925  -0.193444792338115  -0.177268746699626  0.0827684817102683  -0.0483021141327216  
0.803921568627451  0.114416267913018  -0.186772409187859  -0.190469859471905  0.124149413207929  0.0121908759903885  
0.823529411764706  0.104249102523379  -0.177268746699626  -0.197184749623285  0.158030959368919  0.0715365096392022  
0.843137254901961  0.0936864845798517  -0.165077870709237  -0.197184749623285  0.182366467181373  0.124149413207928  
0.862745098039216  0.0827684817102644  -0.150384582470013  -0.190469859471903  0.19568592284713  0.165077870709238  
0.882352941176471  0.0715365096392001  -0.133411617254145  -0.177268746699624  0.197184749623288  0.190469859471906  
0.901960784313726  0.0600331750839663  -0.11441626791302  -0.158030959368916  0.186772409187859  0.197935587103237  
0.92156862745098  0.0483021141327207  -0.093686484579854  -0.133411617254144  0.165077870709239  0.186772409187859  
0.941176470588235  0.0363878267178443  -0.0715365096392016  -0.104249102523381  0.133411617254146  0.158030959368918  
0.96078431372549  0.0243355078124534  -0.0483021141327217  -0.0715365096392015  0.0936864845798548  0.11441626791302  
0.980392156862745  0.0121908759903879  -0.0243355078124538  -0.036387826717845  0.0483021141327223  0.0600331750839678  
1 0  0  0  0  0  