0 0
0.05 0.0479425538604203
0.1 0.0958851077208406
0.15 0.143827661581261
0.2 0.191770215441681
0.25 0.239712769302102
0.3 0.287655323162522
0.35 0.335597877022942
0.4 0.383540430883362
0.45 0.431482984743783
0.5 0.479425538604203
0.55 0.526194291540618
0.6 0.570615442629023
0.65 0.612688991869418
0.7 0.652414939261803
0.75 0.689793284806177
0.8 0.724824028502542
0.85 0.757507170350896
0.9 0.78784271035124
0.95 0.815830648503574
1 0.841470984807897
1.05 0.865051106668145
1.1 0.886858401488253
1.15 0.90689286926822
1.2 0.925154510008047
1.25 0.941643323707733
1.3 0.956359310367278
1.35 0.969302469986683
1.4 0.980472802565947
1.45 0.989870308105071
1.5 0.997494986604054
1.55 1.00267744948729
1.6 1.00474830817918
1.65 1.00370756267972
1.7 0.999555212988905
1.75 0.992291259106743
1.8 0.981915701033231
1.85 0.968428538768369
1.9 0.951829772312156
1.95 0.932119401664594
2 0.909297426825682
2.05 0.884249174757336
2.1 0.857859972421473
2.15 0.830129819818093
2.2 0.801058716947196
2.25 0.770646663808783
2.3 0.738893660402852
2.35 0.705799706729404
2.4 0.671364802788439
2.45 0.635588948579957
2.5 0.598472144103958
2.55 0.559890071094735
2.6 0.519718411286582
2.65 0.477957164679499
2.7 0.434606331273486
2.75 0.389665911068542
2.8 0.343135904064668
2.85 0.295016310261864
2.9 0.245307129660129
2.95 0.194008362259465
3 0.14112000805987
3.05 0.0878861428632209
3.1 0.0355508424713942
3.15 -0.0158858931156102
3.2 -0.0664240638977923
3.25 -0.116063669875152
3.3 -0.164804711047689
3.35 -0.212647187415405
3.4 -0.259591098978297
3.45 -0.305636445736368
3.5 -0.350783227689616
3.55 -0.395071169961552
3.6 -0.438539997675688
3.65 -0.481189710832021
3.69999999999999 -0.523020309430554
3.74999999999999 -0.564031793471285
3.79999999999999 -0.604224162954216
3.84999999999999 -0.643597417879344
3.89999999999999 -0.682151558246672
3.94999999999999 -0.719886584056198
3.99999999999999 -0.756802495307923
4.04999999999999 -0.791865490107037
4.09999999999999 -0.82404176655873
4.14999999999999 -0.853331324663001
4.19999999999999 -0.87973416441985
4.24999999999999 -0.903250285829278
4.29999999999999 -0.923879688891285
4.34999999999999 -0.94162237360587
4.39999999999999 -0.956478339973033
4.44999999999999 -0.968447587992775
4.49999999999999 -0.977530117665096
4.54999999999999 -0.984219312683825
4.59999999999999 -0.989008556742793
4.64999999999999 -0.991897849842
4.69999999999999 -0.992887191981446
4.74999999999999 -0.991976583161131
4.79999999999999 -0.989166023381055
4.84999999999999 -0.984455512641218
4.89999999999999 -0.97784505094162
4.94999999999999 -0.969334638282261
4.99999999999999 -0.95892427466314
5.04999999999999 -0.946166129983112
5.09999999999999 -0.93061237414103
5.14999999999999 -0.912263007136893
5.19999999999999 -0.891118028970701
5.24999999999999 -0.867177439642454
5.29999999999999 -0.840441239152153
5.34999999999999 -0.810909427499797
5.39999999999999 -0.778582004685386
5.44999999999999 -0.743458970708921
5.49999999999999 -0.705540325570401
5.54999999999999 -0.665894271649094
5.59999999999999 -0.625589011324266
5.64999999999999 -0.584624544595919
5.69999999999999 -0.543000871464052
5.74999999999999 -0.500717991928666
5.79999999999999 -0.45777590598976
5.84999999999999 -0.414174613647334
5.89999999999999 -0.369914114901388
5.94999999999999 -0.324994409751923
5.99999999999999 -0.279415498198938
6.04999999999999 -0.233152480056801
6.09999999999999 -0.186180455139877
6.14999999999999 -0.138499423448168
6.19999999999999 -0.0901093849816727
6.24999999999999 -0.0410103397403918
6.29999999999999 0.00879771227567495
6.34999999999999 0.0593147710665275
6.39999999999999 0.110540836632166
6.44999999999999 0.16247590897259
6.49999999999998 0.2151199880878
6.54999999999998 0.267237378446453
6.59999999999998 0.317592384517205
6.64999999999998 0.366185006300056
6.69999999999998 0.413015243795005
6.74999999999998 0.458083097002053
6.79999999999998 0.501388565921201
6.84999999999998 0.542931650552446
6.89999999999998 0.582712350895791
6.94999999999998 0.620730666951235
6.99999999999998 0.656986598718777
7.04999999999998 0.691633998160569
7.09999999999998 0.724826717238762
7.14999999999998 0.756564755953355
7.19999999999998 0.78684811430435
7.24999999999998 0.815676792291745
7.29999999999998 0.843050789915541
7.34999999999998 0.868970107175737
7.39999999999998 0.893434744072334
7.44999999999998 0.916444700605332
7.49999999999998 0.937999976774731
7.54999999999998 0.957258701862058
7.59999999999998 0.973379005148837
7.64999999999998 0.98636088663507
7.69999999999998 0.996204346320756
7.74999999999998 1.00290938420589
7.79999999999998 1.00647600029049
7.84999999999998 1.00690419457453
7.89999999999998 1.00419396705803
7.94999999999998 0.998345317740982
7.99999999999998 0.989358246623386
8.04999999999998 0.977948881467305
8.09999999999998 0.9648333500348
8.14999999999998 0.950011652325871
8.19999999999998 0.933483788340517
8.24999999999998 0.915249758078741
8.29999999999998 0.89530956154054
8.34999999999998 0.873663198725915
8.39999999999998 0.850310669634867
8.44999999999999 0.825251974267394
8.49999999999999 0.798487112623498
8.54999999999999 0.769767276045783
8.59999999999999 0.738843655876856
8.64999999999999 0.705716252116715
8.69999999999999 0.670385064765361
8.74999999999999 0.632850093822794
8.79999999999999 0.593111339289014
8.84999999999999 0.551168801164021
8.89999999999999 0.507022479447815
8.94999999999999 0.460672374140396
8.99999999999999 0.412118485241764
9.04999999999999 0.362555586559913
9.09999999999999 0.313178451902839
9.15 0.26398708127054
9.2 0.214981474663019
9.25 0.166161632080273
9.3 0.117527553522304
9.35 0.0690792389891111
9.4 0.0208166884806946
9.45 -0.0272600980029455
9.5 -0.0751511204618093
9.55 -0.122858146767913
9.6 -0.170382944793273
9.65 -0.217725514537889
9.7 -0.264885856001762
9.75 -0.31186396918489
9.8 -0.358659854087275
9.85000000000001 -0.405273510708916
9.90000000000001 -0.451704939049813
9.95000000000001 -0.497954139109967
