0 0
0.05 0.00119856384651051
0.1 0.00479425538604203
0.15 0.0107870746185946
0.2 0.0191770215441681
0.25 0.0299640961627627
0.3 0.0431482984743783
0.35 0.0587296284790149
0.4 0.0767080861766725
0.45 0.0970836715673511
0.5 0.119856384651051
0.55 0.145026225427771
0.6 0.172593193897513
0.65 0.202557290060276
0.7 0.23491851391606
0.75 0.269676865464864
0.8 0.30683234470669
0.85 0.346384951641537
0.9 0.388334686269405
0.95 0.432681548590294
1 0.479425538604203
1.05 0.522110751229106
1.1 0.566019290623025
1.15 0.61115115678596
1.2 0.65750634971791
1.25 0.705084869418877
1.3 0.753886715888859
1.35 0.803911889127858
1.4 0.855160389135872
1.45 0.907632215912902
1.5 0.961327369458948
1.55 1.01137057541362
1.6 1.06175069461725
1.65 1.11246772706981
1.7 1.16352167277132
1.75 1.21491253172178
1.8 1.26664030392119
1.85 1.31870498936954
1.9 1.37110658806683
1.95 1.42384510001307
2 1.47692052520826
2.05 1.52177595212618
2.1 1.56541249019737
2.15 1.60783013942183
2.2 1.64902889979956
2.25 1.68900877133056
2.3 1.72776975401483
2.35 1.76531184785238
2.4 1.80163505284319
2.45 1.83673936898727
2.5 1.87062479628463
2.55 1.89960372149958
2.6 1.92669328273405
2.65 1.95189347998803
2.7 1.97520431326152
2.75 1.99662578255452
2.8 2.01615788786703
2.85 2.03380062919906
2.9 2.0495540065506
2.95 2.06341801992165
3 2.07539266931221
3.05 2.08110659102523
3.1 2.08413635535829
3.15 2.08448196231141
3.2 2.08214341188456
3.25 2.07712070407777
3.3 2.06941383889102
3.35 2.05902281632432
3.4 2.04594763637767
3.45 2.03018829905106
3.5 2.0117448043445
3.55 1.99308820547125
3.6 1.97219673162045
3.65 1.94907038279212
3.69999999999999 1.92370915898624
3.74999999999999 1.89611306020282
3.79999999999999 1.86628208644186
3.84999999999999 1.83421623770336
3.89999999999999 1.79991551398731
3.94999999999999 1.76337991529373
3.99999999999999 1.7246094416226
4.04999999999999 1.68585665800788
4.09999999999999 1.64527855669452
4.14999999999999 1.60287513768253
4.19999999999999 1.55864640097189
4.24999999999999 1.5125923465626
4.29999999999999 1.46471297445468
4.34999999999999 1.41500828464812
4.39999999999999 1.36347827714291
4.44999999999999 1.31012295193907
4.49999999999999 1.25494230903658
4.54999999999999 1.20587482389086
4.59999999999999 1.15642538022021
4.64999999999999 1.10659397802463
4.69999999999999 1.05638061730411
4.74999999999999 1.00578529805867
4.79999999999999 0.954808020288301
4.84999999999999 0.903448783992998
4.89999999999999 0.851707589172765
4.94999999999999 0.799584435827602
4.99999999999999 0.747079323957508
5.04999999999999 0.699417118701825
5.09999999999999 0.652322930401093
5.14999999999999 0.605796759055311
5.19999999999999 0.55983860466448
5.24999999999999 0.514448467228598
5.29999999999999 0.469626346747666
5.34999999999999 0.425372243221685
5.39999999999999 0.381686156650654
5.44999999999999 0.338568087034572
5.49999999999999 0.296018034373441
5.54999999999999 0.261723929362908
5.59999999999999 0.229395646888354
5.64999999999999 0.199033186949778
5.69999999999999 0.170636549547179
5.74999999999999 0.144205734680557
5.79999999999999 0.119740742349913
5.84999999999999 0.0972415725552457
5.89999999999999 0.0767082252965562
5.94999999999999 0.058140700573844
5.99999999999999 0.0415389983871093
6.04999999999999 0.0287159363460307
6.09999999999999 0.0181883000426896
6.14999999999999 0.00995608947708589
6.19999999999999 0.00401930464921936
6.24999999999999 0.000377945559090077
6.29999999999999 -0.000967987793301962
6.34999999999999 -1.84954079567659E-05
6.39999999999999 0.00322642271512566
6.44999999999999 0.00876676657594534
6.49999999999998 0.0166025361745023
6.54999999999998 0.0286835001414568
6.59999999999998 0.0434143932335419
6.64999999999998 0.0607952154507573
6.69999999999998 0.0808259667931027
6.74999999999998 0.103506647260578
6.79999999999998 0.128837256853184
6.84999999999998 0.15681779557092
6.89999999999998 0.187448263413786
6.94999999999998 0.220728660381782
6.99999999999998 0.256658986474909
7.04999999999998 0.290392684901439
7.09999999999998 0.325895120309147
7.14999999999998 0.363166292698034
7.19999999999998 0.402206202068101
7.24999999999998 0.443014848419348
7.29999999999998 0.485592231751774
7.34999999999998 0.52993835206538
7.39999999999998 0.576053209360166
7.44999999999998 0.623936803636131
7.49999999999998 0.673589134893275
7.54999999999998 0.721009832131703
7.59999999999998 0.769471926169509
7.64999999999998 0.818975417006695
7.69999999999998 0.869520304643261
7.74999999999998 0.921106589079208
7.79999999999998 0.973734270314534
7.84999999999998 1.02740334834924
7.89999999999998 1.08211382318333
7.94999999999998 1.13786569481679
7.99999999999998 1.19465896324964
8.04999999999998 1.24386296853036
8.09999999999998 1.29253915971019
8.14999999999998 1.34068753678913
8.19999999999998 1.38830809976717
8.24999999999998 1.43540084864432
8.29999999999998 1.48196578342058
8.34999999999998 1.52800290409594
8.39999999999998 1.57351221067041
8.44999999999999 1.61849370314398
8.49999999999999 1.66294738151666
8.54999999999999 1.70218128852829
8.59999999999999 1.7400342983008
8.64999999999999 1.77650641083422
8.69999999999999 1.81159762612852
8.74999999999999 1.84530794418372
8.79999999999999 1.87763736499982
8.84999999999999 1.90858588857681
8.89999999999999 1.93815351491469
8.94999999999999 1.96634024401347
8.99999999999999 1.99314607587315
9.04999999999999 2.01251060561788
9.09999999999999 2.0293923463279
9.15 2.04379129800321
9.2 2.05570746064381
9.25 2.06514083424969
9.3 2.07209141882086
9.35 2.07655921435732
9.4 2.07854422085907
9.45 2.07804643832611
9.5 2.07506586675843
9.55 2.07011335722418
9.6 2.0627709406676
9.65 2.0530386170887
9.7 2.04091638648748
9.75 2.02640424886393
9.8 2.00950220421806
9.85000000000001 1.99021025254987
9.90000000000001 1.96852839385935
9.95000000000001 1.9444566281465
