0 0.958851077208406
0.05 0.958851077208406
0.1 0.958851077208406
0.15 0.958851077208406
0.2 0.958851077208406
0.25 0.958851077208406
0.3 0.958851077208406
0.35 0.958851077208406
0.4 0.958851077208406
0.45 0.958851077208406
0.5 0.958851077208406
0.55 0.911899040248202
0.6 0.864947003287999
0.65 0.817994966327795
0.7 0.771042929367591
0.75 0.724090892407388
0.8 0.677138855447184
0.85 0.63018681848698
0.9 0.583234781526777
0.95 0.536282744566573
1 0.48933070760637
1.05 0.453874166803558
1.1 0.418417626000747
1.15 0.382961085197936
1.2 0.347504544395125
1.25 0.312048003592314
1.3 0.276591462789503
1.35 0.241134921986691
1.4 0.20567838118388
1.45 0.170221840381069
1.5 0.134765299578258
1.55 0.0725332157512571
1.6 0.0103011319242566
1.65 -0.051930951902744
1.7 -0.114163035729744
1.75 -0.176395119556745
1.8 -0.238627203383746
1.85 -0.300859287210746
1.9 -0.363091371037747
1.95 -0.425323454864747
2 -0.487555538691747
2.05 -0.514374544042087
2.1 -0.541193549392428
2.15 -0.568012554742769
2.2 -0.594831560093109
2.25 -0.62165056544345
2.3 -0.648469570793791
2.35 -0.675288576144131
2.4 -0.702107581494472
2.45 -0.728926586844813
2.5 -0.755745592195153
2.55 -0.787537328173758
2.6 -0.819329064152364
2.65 -0.851120800130969
2.7 -0.882912536109574
2.75 -0.914704272088179
2.8 -0.946496008066784
2.85 -0.978287744045389
2.9 -1.01007948002399
2.95 -1.0418712160026
3 -1.0736629519812
3.05 -1.05569165588476
3.1 -1.03772035978831
3.15 -1.01974906369187
3.2 -1.00177776759542
3.25 -0.983806471498975
3.3 -0.965835175402529
3.35 -0.947863879306083
3.4 -0.929892583209636
3.45 -0.91192128711319
3.5 -0.893949991016744
3.55 -0.877567699860718
3.6 -0.861185408704693
3.65 -0.844803117548668
3.69999999999999 -0.828420826392643
3.74999999999999 -0.812038535236618
3.79999999999999 -0.795656244080593
3.84999999999999 -0.779273952924567
3.89999999999999 -0.762891661768542
3.94999999999999 -0.746509370612517
3.99999999999999 -0.730127079456492
4.04999999999999 -0.672392712508067
4.09999999999999 -0.614658345559637
4.14999999999999 -0.556923978611207
4.19999999999999 -0.499189611662776
4.24999999999999 -0.441455244714346
4.29999999999999 -0.383720877765916
4.34999999999999 -0.325986510817486
4.39999999999999 -0.268252143869056
4.44999999999999 -0.210517776920626
4.49999999999999 -0.152783409972196
4.54999999999999 -0.114784390776972
4.59999999999999 -0.0767853715817509
4.64999999999999 -0.0387863523865302
4.69999999999999 -0.000787333191309469
4.74999999999999 0.0372116860039113
4.79999999999999 0.075210705199132
4.84999999999999 0.113209724394353
4.89999999999999 0.151208743589573
4.94999999999999 0.189207762784794
4.99999999999999 0.227206781980015
5.04999999999999 0.283119005221105
5.09999999999999 0.339031228462199
5.14999999999999 0.394943451703293
5.19999999999999 0.450855674944386
5.24999999999999 0.50676789818548
5.29999999999999 0.562680121426574
5.34999999999999 0.618592344667668
5.39999999999999 0.674504567908761
5.44999999999999 0.730416791149855
5.49999999999999 0.786329014390949
5.54999999999999 0.799513142461353
5.59999999999999 0.812697270531747
5.64999999999999 0.825881398602141
5.69999999999999 0.839065526672535
5.74999999999999 0.852249654742929
5.79999999999999 0.865433782813323
5.84999999999999 0.878617910883717
5.89999999999999 0.891802038954111
5.94999999999999 0.904986167024505
5.99999999999999 0.918170295094899
6.04999999999999 0.932350430590615
6.09999999999999 0.946530566086331
6.14999999999999 0.960710701582048
6.19999999999999 0.974890837077764
6.24999999999999 0.98907097257348
6.29999999999999 1.0032511080692
6.34999999999999 1.01743124356491
6.39999999999999 1.03161137906063
6.44999999999999 1.04579151455635
6.49999999999998 1.05997165005206
6.54999999999998 1.02472396429405
6.59999999999998 0.989476278536029
6.64999999999998 0.954228592778005
6.69999999999998 0.918980907019981
6.74999999999998 0.883733221261957
6.79999999999998 0.848485535503933
6.84999999999998 0.81323784974591
6.89999999999998 0.777990163987886
6.94999999999998 0.742742478229862
6.99999999999998 0.707494792471838
7.04999999999998 0.678401185199851
7.09999999999998 0.649307577927866
7.14999999999998 0.620213970655881
7.19999999999998 0.591120363383896
7.24999999999998 0.56202675611191
7.29999999999998 0.532933148839925
7.34999999999998 0.50383954156794
7.39999999999998 0.474745934295955
7.44999999999998 0.44565232702397
7.49999999999998 0.416558719751985
7.54999999999998 0.35379028374106
7.59999999999998 0.291021847730123
7.64999999999998 0.228253411719185
7.69999999999998 0.165484975708248
7.74999999999998 0.102716539697311
7.79999999999998 0.0399481036863731
7.84999999999998 -0.0228203323245642
7.89999999999998 -0.0855887683355016
7.94999999999998 -0.148357204346439
7.99999999999998 -0.211125640357376
8.04999999999998 -0.245248965885864
8.09999999999998 -0.279372291414341
8.14999999999998 -0.313495616942818
8.19999999999998 -0.347618942471295
8.24999999999998 -0.381742267999772
8.29999999999998 -0.415865593528249
8.34999999999998 -0.449988919056726
8.39999999999998 -0.484112244585202
8.44999999999999 -0.518235570113679
8.49999999999999 -0.552358895642156
8.54999999999999 -0.596434567466414
8.59999999999999 -0.640510239290675
8.64999999999999 -0.684585911114935
8.69999999999999 -0.728661582939196
8.74999999999999 -0.772737254763457
8.79999999999999 -0.816812926587717
8.84999999999999 -0.860888598411978
8.89999999999999 -0.904964270236239
8.94999999999999 -0.949039942060499
8.99999999999999 -0.99311561388476
9.04999999999999 -0.98940033338924
9.09999999999999 -0.985685052893713
9.15 -0.981969772398186
9.2 -0.97825449190266
9.25 -0.974539211407133
9.3 -0.970823930911606
9.35 -0.967108650416079
9.4 -0.963393369920552
9.45 -0.959678089425026
9.5 -0.955962808929499
9.55 -0.952318243314623
9.6 -0.948673677699748
9.65 -0.945029112084872
9.7 -0.941384546469997
9.75 -0.937739980855121
9.8 -0.934095415240246
9.85000000000001 -0.93045084962537
9.90000000000001 -0.926806284010495
9.95000000000001 -0.923161718395619
