0  0  0.00415972747031888
0.0628318530717959  0.0627905195293134  0.0640627390296264
0.125663706143592  0.125333233564304  0.124227017644319
0.188495559215388  0.187381314585725  0.184384883275143
0.251327412287183  0.248689887164855  0.244265462794097
0.314159265358979  0.309016994374947  0.303596174782627
0.376991118430775  0.368124552684678  0.362104225701781
0.439822971502571  0.425779291565073  0.419518153065568
0.502654824574367  0.481753674101715  0.475569417199341
0.565486677646163  0.535826794978997  0.529994025549255
0.628318530717959  0.587785252292473  0.582534166351284
0.691150383789755  0.63742398974869  0.632939827144837
0.75398223686155  0.684547105928689  0.680970375061487
0.816814089933346  0.728968627421412  0.726396078264098
0.879645943005142  0.770513242775789  0.76899955048388
0.942477796076938  0.809016994374947  0.808577102969011
1.00530964914873  0.844327925502015  0.844939990260459
1.06814150222053  0.876306680043864  0.877915538104838
1.13097335529233  0.90482705246602  0.907348143582902
1.19380520836412  0.929776485888251  0.933100139246329
1.25663706143592  0.951056516295154  0.955052514761668
1.31946891450771  0.968583161128631  0.973105491282334
1.38230076757951  0.982287250728689  0.987178945513311
1.4451326206513  0.992114701314478  0.997212682191841
1.5079644737231  0.998026728428272  1.00316655546644
1.5707963267949  1  1.00502044139681
1.63362817986669  0.998026728428272  1.00277406549692
1.69646003293849  0.992114701314478  0.996446690880635
1.75929188601028  0.982287250728689  0.986076674120691
1.82212373908208  0.968583161128631  0.971720897376306
1.88495559215388  0.951056516295154  0.953454086661558
1.94778744522567  0.929776485888251  0.931368027296575
2.01061929829747  0.904827052466019  0.905570688589588
2.07345115136926  0.876306680043863  0.876185270624687
2.13628300444106  0.844327925502015  0.843349186664876
2.19911485751286  0.809016994374947  0.807212995112164
2.26194671058465  0.770513242775789  0.767939295188284
2.32477856365645  0.728968627421411  0.725701600505829
2.38761041672824  0.684547105928689  0.680683204487898
2.45044226980004  0.63742398974869  0.633076051165184
2.51327412287183  0.587785252292473  0.583079624236078
2.57610597594363  0.535826794978997  0.530899866424263
2.63893782901543  0.481753674101715  0.476748140118451
2.70176968208722  0.425779291565072  0.420840239042617
2.76460153515902  0.368124552684678  0.363395459297344
2.82743338823081  0.309016994374947  0.304635736551498
2.89026524130261  0.248689887164855  0.244784854469306
2.95309709437441  0.187381314585725  0.184067727654335
3.0159289474462  0.125333233564304  0.122709760505096
3.078760800518  0.0627905195293131  0.0609362814356331
3.14159265358979  -3.21628574467825E-16  -0.00102795005039618
3.20442450666159  -0.0627905195293133  -0.0629591678988356
3.26725635973339  -0.125333233564304  -0.124634962034431
3.33008821280518  -0.187381314585725  -0.185834587086518
3.39292006587698  -0.248689887164855  -0.246339227226594
3.45575191894877  -0.309016994374948  -0.30593222858501
3.51858377202057  -0.368124552684678  -0.364399312069079
3.58141562509236  -0.425779291565073  -0.421528780525046
3.64424747816416  -0.481753674101715  -0.477111735034763
3.70707933123596  -0.535826794978997  -0.530942315679556
3.76991118430775  -0.587785252292473  -0.582817982306806
3.83274303737955  -0.63742398974869  -0.632539850671193
3.89557489045134  -0.684547105928689  -0.67991309876931
3.95840674352314  -0.728968627421412  -0.724747457226531
4.02123859659494  -0.770513242775789  -0.766857796218472
4.08407044966673  -0.809016994374947  -0.806064819614331
4.14690230273853  -0.844327925502015  -0.842195874822762
4.20973415581032  -0.876306680043864  -0.875085884219475
4.27256600888212  -0.90482705246602  -0.90457840106681
4.33539786195391  -0.929776485888251  -0.930526789536974
4.39822971502571  -0.951056516295154  -0.952795524871801
4.46106156809751  -0.968583161128631  -0.971261605912672
4.5238934211693  -0.982287250728689  -0.985816068285545
4.5867252742411  -0.992114701314478  -0.996365582508156
4.64955712731289  -0.998026728428272  -1.00283411728876
4.71238898038469  -1  -1.00516464440454
4.77522083345649  -0.998026728428272  -1.00332085788508
4.83805268652828  -0.992114701314478  -0.997288876886286
4.90088453960008  -0.982287250728689  -0.987078898729876
4.96371639267187  -0.968583161128631  -0.972726766204246
5.02654824574367  -0.951056516295154  -0.954295411474924
5.08938009881547  -0.929776485888251  -0.931876137924948
5.15221195188726  -0.90482705246602  -0.905589701017269
5.21504380495906  -0.876306680043863  -0.875587149906508
5.27787565803085  -0.844327925502015  -0.842050393073004
5.34070751110265  -0.809016994374947  -0.805192453735309
5.40353936417444  -0.770513242775789  -0.765257384222724
5.46637121724624  -0.728968627421412  -0.722519812838389
5.52920307031804  -0.684547105928688  -0.677284101971606
5.59203492338983  -0.63742398974869  -0.62988310225634
5.65486677646163  -0.587785252292473  -0.580676494326328
5.71769862953342  -0.535826794978996  -0.530048717067614
5.78053048260522  -0.481753674101715  -0.478406489075332
5.84336233567702  -0.425779291565072  -0.426175938123088
5.90619418874881  -0.368124552684678  -0.373799361673332
5.96902604182061  -0.309016994374947  -0.321731649607012
6.0318578948924  -0.248689887164854  -0.27043640823422
6.0946897479642  -0.187381314585725  -0.220381832065743
6.157521601036  -0.125333233564304  -0.172036376582866
6.22035345410779  -0.0627905195293133  -0.125864291152355
