0 0
0.05 0.0479425538604203
0.1 0.0958851077208406
0.15 0.143827661581261
0.2 0.191770215441681
0.25 0.239712769302102
0.3 0.287655323162522
0.35 0.335597877022942
0.4 0.383540430883362
0.45 0.431482984743783
0.5 0.479425538604203
0.55 0.515630083224572
0.6 0.551834627844942
0.65 0.588039172465311
0.7 0.624243717085681
0.75 0.66044826170605
0.8 0.696652806326419
0.85 0.732857350946789
0.9 0.769061895567158
0.95 0.805266440187528
1 0.841470984807897
1.05 0.857073384987513
1.1 0.872675785167128
1.15 0.888278185346744
1.2 0.90388058552636
1.25 0.919482985705976
1.3 0.935085385885591
1.35 0.950687786065207
1.4 0.966290186244823
1.45 0.981892586424439
1.5 0.997494986604054
1.55 0.988675230626217
1.6 0.97985547464838
1.65 0.971035718670542
1.7 0.962215962692705
1.75 0.953396206714868
1.8 0.944576450737031
1.85 0.935756694759193
1.9 0.926936938781356
1.95 0.918117182803519
2 0.909297426825681
2.05 0.878214898553509
2.1 0.847132370281337
2.15 0.816049842009164
2.2 0.784967313736992
2.25 0.75388478546482
2.3 0.722802257192647
2.35 0.691719728920475
2.4 0.660637200648302
2.45 0.62955467237613
2.5 0.598472144103958
2.55 0.552736930499549
2.6 0.50700171689514
2.65 0.461266503290731
2.7 0.415531289686322
2.75 0.369796076081914
2.8 0.324060862477505
2.85 0.278325648873096
2.9 0.232590435268687
2.95 0.186855221664278
3 0.141120008059869
3.05 0.0919296844849211
3.1 0.0427393609099726
3.15 -0.00645096266497597
3.2 -0.0556412862399245
3.25 -0.104831609814873
3.3 -0.154021933389822
3.35 -0.20321225696477
3.4 -0.252402580539719
3.45 -0.301592904114667
3.5 -0.350783227689616
3.55 -0.391385154451447
3.6 -0.431987081213278
3.65 -0.472589007975108
3.69999999999999 -0.513190934736939
3.74999999999999 -0.55379286149877
3.79999999999999 -0.5943947882606
3.84999999999999 -0.634996715022431
3.89999999999999 -0.675598641784262
3.94999999999999 -0.716200568546092
3.99999999999999 -0.756802495307923
4.04999999999999 -0.778875257543642
4.09999999999999 -0.800948019779359
4.14999999999999 -0.823020782015076
4.19999999999999 -0.845093544250793
4.24999999999999 -0.867166306486509
4.29999999999999 -0.889239068722226
4.34999999999999 -0.911311830957943
4.39999999999999 -0.93338459319366
4.44999999999999 -0.955457355429377
4.49999999999999 -0.977530117665093
4.54999999999999 -0.975669533364901
4.59999999999999 -0.973808949064706
4.64999999999999 -0.97194836476451
4.69999999999999 -0.970087780464314
4.74999999999999 -0.968227196164118
4.79999999999999 -0.966366611863922
4.84999999999999 -0.964506027563726
4.89999999999999 -0.96264544326353
4.94999999999999 -0.960784858963334
4.99999999999999 -0.958924274663138
5.04999999999999 -0.933585879753868
5.09999999999999 -0.908247484844594
5.14999999999999 -0.882909089935319
5.19999999999999 -0.857570695026045
5.24999999999999 -0.83223230011677
5.29999999999999 -0.806893905207496
5.34999999999999 -0.781555510298221
5.39999999999999 -0.756217115388947
5.44999999999999 -0.730878720479672
5.49999999999999 -0.705540325570398
5.54999999999999 -0.662927842833255
5.59999999999999 -0.620315360096109
5.64999999999999 -0.577702877358963
5.69999999999999 -0.535090394621816
5.74999999999999 -0.49247791188467
5.79999999999999 -0.449865429147523
5.84999999999999 -0.407252946410377
5.89999999999999 -0.36464046367323
5.94999999999999 -0.322027980936084
5.99999999999999 -0.279415498198937
6.04999999999999 -0.229961949570265
6.09999999999999 -0.180508400941591
6.14999999999999 -0.131054852312917
6.19999999999999 -0.0816013036842431
6.24999999999999 -0.032147755055569
6.29999999999999 0.017305793573105
6.34999999999999 0.066759342201779
6.39999999999999 0.116212890830453
6.44999999999999 0.165666439459127
6.49999999999998 0.215119988087801
6.54999999999998 0.2593066491509
6.59999999999998 0.303493310213997
6.64999999999998 0.347679971277094
6.69999999999998 0.391866632340191
6.74999999999998 0.436053293403288
6.79999999999998 0.480239954466385
6.84999999999998 0.524426615529483
6.89999999999998 0.56861327659258
6.94999999999998 0.612799937655677
6.99999999999998 0.656986598718774
7.04999999999998 0.685087936524374
7.09999999999998 0.713189274329969
7.14999999999998 0.741290612135564
7.19999999999998 0.769391949941159
7.24999999999998 0.797493287746754
7.29999999999998 0.825594625552349
7.34999999999998 0.853695963357944
7.39999999999998 0.881797301163539
7.44999999999998 0.909898638969134
7.49999999999998 0.937999976774728
7.54999999999998 0.943135803759601
7.59999999999998 0.948271630744466
7.64999999999998 0.95340745772933
7.69999999999998 0.958543284714194
7.74999999999998 0.963679111699059
7.79999999999998 0.968814938683923
7.84999999999998 0.973950765668787
7.89999999999998 0.979086592653651
7.94999999999998 0.984222419638516
7.99999999999998 0.98935824662338
8.04999999999998 0.970271133223401
8.09999999999998 0.951184019823411
8.14999999999998 0.932096906423422
8.19999999999998 0.913009793023432
8.24999999999998 0.893922679623443
8.29999999999998 0.874835566223453
8.34999999999998 0.855748452823464
8.39999999999998 0.836661339423474
8.44999999999999 0.817574226023485
8.49999999999999 0.798487112623495
8.54999999999999 0.759850249885327
8.59999999999999 0.721213387147153
8.64999999999999 0.682576524408979
8.69999999999999 0.643939661670806
8.74999999999999 0.605302798932632
8.79999999999999 0.566665936194458
8.84999999999999 0.528029073456284
8.89999999999999 0.48939221071811
8.94999999999999 0.450755347979936
8.99999999999999 0.412118485241762
9.04999999999999 0.363391524671407
9.09999999999999 0.314664564101049
9.15 0.265937603530692
9.2 0.217210642960335
9.25 0.168483682389977
9.3 0.11975672181962
9.35 0.0710297612492627
9.4 0.0223028006789054
9.45 -0.026424159891452
9.5 -0.0751511204618093
9.55 -0.122038119504566
9.6 -0.168925118547323
9.65 -0.21581211759008
9.7 -0.262699116632836
9.75 -0.309586115675593
9.8 -0.35647311471835
9.85000000000001 -0.403360113761106
9.90000000000001 -0.450247112803863
9.95000000000001 -0.49713411184662
