0 0
0.05 0.00119856384651051
0.1 0.00479425538604203
0.15 0.0107870746185946
0.2 0.0191770215441681
0.25 0.0299640961627627
0.3 0.0431482984743783
0.35 0.0587296284790149
0.4 0.0767080861766725
0.45 0.0970836715673511
0.5 0.119856384651051
0.55 0.14473277519677
0.6 0.171419392973508
0.65 0.199916237981264
0.7 0.230223310220039
0.75 0.262340609689832
0.8 0.296268136390644
0.85 0.332005890322474
0.9 0.369553871485323
0.95 0.40891207987919
1 0.450080515504076
1.05 0.492544124748961
1.1 0.535787854002827
1.15 0.579811703265674
1.2 0.624615672537502
1.25 0.67019976181831
1.3 0.716563971108099
1.35 0.763708300406869
1.4 0.81163274971462
1.45 0.860337319031352
1.5 0.909822008357064
1.55 0.959476263787821
1.6 1.00868953141969
1.65 1.05746181125266
1.7 1.10579310328674
1.75 1.15368340752193
1.8 1.20113272395823
1.85 1.24814105259563
1.9 1.29470839343415
1.95 1.34083474647377
2 1.3865201117145
2.05 1.43120791984898
2.1 1.47434160156985
2.15 1.51592115687711
2.2 1.55594658577076
2.25 1.59441788825081
2.3 1.63133506431725
2.35 1.66669811397007
2.4 1.70050703720929
2.45 1.7327618340349
2.5 1.76346250444691
2.55 1.79224273131199
2.6 1.81873619749686
2.65 1.84294290300151
2.7 1.86486284782593
2.75 1.88449603197014
2.8 1.90184245543413
2.85 1.91690211821789
2.9 1.92967502032144
2.95 1.94016116174476
3 1.94836054248786
3.05 1.95418678480148
3.1 1.95755351093635
3.15 1.95846072089248
3.2 1.95690841466986
3.25 1.95289659226849
3.3 1.94642525368837
3.35 1.93749439892951
3.4 1.92610402799189
3.45 1.91225414087553
3.5 1.89594473758043
3.55 1.8773905280269
3.6 1.85680622213528
3.65 1.83419181990557
3.69999999999999 1.80954732133777
3.74999999999999 1.78287272643188
3.79999999999999 1.75416803518789
3.84999999999999 1.72343324760582
3.89999999999999 1.69066836368565
3.94999999999999 1.65587338342739
3.99999999999999 1.61904830683104
4.04999999999999 1.58065636300975
4.09999999999999 1.54116078107668
4.14999999999999 1.50056156103182
4.19999999999999 1.45885870287517
4.24999999999999 1.41605220660674
4.29999999999999 1.37214207222652
4.34999999999999 1.32712829973452
4.39999999999999 1.28101088913073
4.44999999999999 1.23378984041515
4.49999999999999 1.18546515358779
4.54999999999999 1.13663516231204
4.59999999999999 1.0878982002513
4.64999999999999 1.03925426740557
4.69999999999999 0.990703363774849
4.74999999999999 0.942245489359139
4.79999999999999 0.893880644158438
4.84999999999999 0.845608828172747
4.89999999999999 0.797430041402066
4.94999999999999 0.749344283846394
4.99999999999999 0.701351555505732
5.04999999999999 0.654038801645307
5.09999999999999 0.607992967530345
5.14999999999999 0.563214053160847
5.19999999999999 0.519702058536815
5.24999999999999 0.477456983658244
5.29999999999999 0.436478828525137
5.34999999999999 0.396767593137495
5.39999999999999 0.358323277495316
5.44999999999999 0.3211458815986
5.49999999999999 0.285235405447348
5.54999999999999 0.251023701237258
5.59999999999999 0.218942621164025
5.64999999999999 0.188992165227649
5.69999999999999 0.161172333428126
5.74999999999999 0.135483125765465
5.79999999999999 0.111924542239659
5.84999999999999 0.0904965828507148
5.89999999999999 0.0711992475986199
5.94999999999999 0.0540325364833894
5.99999999999999 0.0389964495050143
6.04999999999999 0.0262620133107842
6.09999999999999 0.0160002545479886
6.14999999999999 0.00821117321662104
6.19999999999999 0.00289476931669544
6.24999999999999 5.10428482013055E-05
6.29999999999999 -0.000320006188857851
6.34999999999999 0.00178162220551446
6.39999999999999 0.0063559280313147
6.44999999999999 0.0134029112885569
6.49999999999998 0.0229225719772307
6.54999999999998 0.0347832379081943
6.59999999999998 0.0488532368923206
6.64999999999998 0.0651325689295998
6.69999999999998 0.0836212340200287
6.74999999999998 0.10431923216362
6.79999999999998 0.127226563360358
6.84999999999998 0.152343227610258
6.89999999999998 0.179669224913304
6.94999999999998 0.209204555269513
6.99999999999998 0.240949218678872
7.04999999999998 0.274501082059952
7.09999999999998 0.309458012331309
7.14999999999998 0.345820009492951
7.19999999999998 0.383587073544867
7.24999999999998 0.422759204487067
7.29999999999998 0.463336402319542
7.34999999999998 0.505318667042298
7.39999999999998 0.548705998655337
7.44999999999998 0.593498397158654
7.49999999999998 0.639695862552248
7.54999999999998 0.686724257065607
7.59999999999998 0.734009442928209
7.64999999999998 0.781551420140054
7.69999999999998 0.829350188701141
7.74999999999998 0.877405748611473
7.79999999999998 0.925718099871047
7.84999999999998 0.974287242479865
7.89999999999998 1.02311317643793
7.94999999999998 1.07219590174523
7.99999999999998 1.12153541840178
8.04999999999998 1.17052615289795
8.09999999999998 1.21856253172412
8.14999999999998 1.26564455488029
8.19999999999998 1.31177222236646
8.24999999999998 1.35694553418263
8.29999999999998 1.40116449032881
8.34999999999998 1.44442909080498
8.39999999999998 1.48673933561115
8.44999999999999 1.52809522474733
8.49999999999999 1.5684967582135
8.54999999999999 1.60745519227623
8.59999999999999 1.64448178320204
8.64999999999999 1.67957653099094
8.69999999999999 1.71273943564294
8.74999999999999 1.74397049715803
8.79999999999999 1.7732697155362
8.84999999999999 1.80063709077747
8.89999999999999 1.82607262288182
8.94999999999999 1.84957631184928
8.99999999999999 1.87114815767983
9.04999999999999 1.89053590792765
9.09999999999999 1.90748731014696
9.15 1.92200236433775
9.2 1.93408107050003
9.25 1.9437234286338
9.3 1.95092943873903
9.35 1.95569910081575
9.4 1.95803241486397
9.45 1.95792938088365
9.5 1.95538999887481
9.55 1.95046026787566
9.6 1.94318618692436
9.65 1.93356775602092
9.7 1.92160497516535
9.75 1.90729784435763
9.8 1.89064636359779
9.85000000000001 1.8716505328858
9.90000000000001 1.85031035222167
9.95000000000001 1.82662582160542
