0 0 0 1 0.999092514209015 0 0
0.0634665182543393 0.0634239196565645 0.0633677369263215 0.997986676471884 0.997145675200127 0.00201332352811556 0.00201151830497385
0.126933036508679 0.126592453573749 0.126488355665651 0.991954812830795 0.991305158173462 0.00804518716920466 0.00803823135443255
0.190399554763018 0.18925124436041 0.189114738030998 0.981928697262707 0.981570963129022 0.0180713027372933 0.0180566135519876
0.253866073017357 0.251147987181079 0.250999765835369 0.967948701396356 0.967943090066805 0.0320512986036438 0.0320274555703247
0.317332591271696 0.312033445698487 0.311896320891773 0.950071117740945 0.950421538986811 0.0499288822590546 0.0498958643512039
0.380799109526036 0.371662455660328 0.371557285013219 0.928367933016073 0.929006309889041 0.0716320669839274 0.0715912631054598
0.444265627780375 0.429794912089172 0.429735540012714 0.902926538286621 0.903697402773495 0.0970734617133788 0.097027391313001
0.507732146034714 0.486196736100469 0.486183967703268 0.873849377069785 0.874494817640173 0.126150622930215 0.12610230472281
0.571198664289053 0.540640817455598 0.540655449897888 0.841253532831181 0.841398554489074 0.158746467168819 0.158698375352946
0.634665182543393 0.59290792905464 0.592902884141373 0.805270257531059 0.804416049583507 0.194729742468941 0.194682291515499
0.698131700797732 0.642787609686539 0.642700044065666 0.766044443118978 0.764424781993781 0.233955556881022 0.233905423146535
0.761598219052071 0.690079011482112 0.689882733756062 0.72373403810507 0.722027089047821 0.27626596189493 0.276206849232074
0.82506473730641 0.734591708657533 0.734298225773762 0.678509411557132 0.677222970745627 0.321490588442868 0.321415791909898
0.88853125556075 0.776146464291757 0.775793792679966 0.630552667084523 0.630012427087199 0.369447332915477 0.369351780239009
0.951997773815089 0.814575952050336 0.814216707035876 0.580056909571198 0.580395458072536 0.419943090428802 0.419824650199626
1.01546429206943 0.849725429949514 0.849414241402692 0.527225467610502 0.52837206370164 0.472774532389498 0.472634544693185
1.07893081032377 0.881453363447582 0.881233668341615 0.472271074772683 0.47394224397451 0.527728925227317 0.52757191354234
1.14239732857811 0.909631995354518 0.909522260413847 0.415415013001886 0.417105998891145 0.584584986998114 0.584417513490961
1.20586384683245 0.934147860265107 0.934127290180587 0.356886221591872 0.357863328451547 0.643113778408128 0.642942408204139
1.26933036508679 0.954902241444074 0.954896233839623 0.296920375328275 0.296262361162839 0.703079624671725 0.702907968914383
1.33279688334112 0.971811568323542 0.971719738544773 0.235758935509427 0.233891337760136 0.764241064490573 0.764066708672611
1.39626340159546 0.984807753012208 0.984584771554594 0.17364817766693 0.171520314357433 0.82635182233307 0.826167562491254
1.4597299198498 0.993838464461254 0.993491332869086 0.110838199901011 0.10914929095473 0.889161800098989 0.888959299954202
1.52319643810414 0.998867339183008 0.998439422488247 0.0475819158237422 0.0467782675520272 0.952418084176258 0.952190690645344
1.58666295635848 0.999874127673875 0.99942904041208 -0.015865963834808 -0.0155927558506757 1.01586596383481 1.01561050414857
1.65012947461282 0.996854775951942 0.996460186640583 -0.0792499568567885 -0.0779637792533785 1.07924995685679 1.07896751004777
1.71359599286716 0.989821441880933 0.989532861173756 -0.142314838273285 -0.140334802656081 1.14231483827329 1.14201047792683
1.7770625111215 0.978802446214779 0.9786470640116 -0.204806668065191 -0.202705826058784 1.20480666806519 1.20448817736964
1.84052902937584 0.963842158559942 0.963802795154114 -0.266473813690035 -0.265076849461487 1.26647381369004 1.26614937796009
1.90399554763018 0.945000818714668 0.945000741874774 -0.327067963317422 -0.32733958372316 1.32706796331742 1.32674285255348
1.96746206588452 0.922354294104581 0.922294766050329 -0.386345125693129 -0.387785466840875 1.38634512569313 1.38601851443622
2.03092858413886 0.895993774291336 0.895828864200993 -0.444066612605774 -0.445824924602357 1.44406661260577 1.44373298462641
2.0943951023932 0.866025403784438 0.865755763765565 -0.5 -0.501457957007604 1.5 1.49965248024974
2.15786162064753 0.832569854634771 0.832228192182846 -0.55392006386611 -0.554684564056618 1.55392006386611 1.55355291151069
2.22132813890187 0.795761840530832 0.795398876891632 -0.605609687137667 -0.605504745749397 1.60560968713767 1.60521988169252
2.28479465715621 0.755749574354258 0.755420545330726 -0.654860733945285 -0.653918502085942 1.65486073394529 1.65444868715728
2.34826117541055 0.712694171378863 0.712445924938924 -0.701474887706321 -0.699925833066253 1.70147488770632 1.7010443173458
2.41172769366489 0.666769000516292 0.666627743155026 -0.745264449675755 -0.74352673869033 1.74526444967575 1.74482145477768
2.47519421191923 0.618158986220605 0.618118727417832 -0.786053094742788 -0.784721218958173 1.78605309474279 1.78560447505132
2.53866073017357 0.567059863862771 0.567072612000787 -0.823676581429833 -0.823390293656859 1.82367658142983 1.82322745323392
2.60212724842791 0.513677391573406 0.513682271874256 -0.857983413234977 -0.858433395816846 1.85798341323498 1.85753509081508
2.66559376668225 0.458226521727411 0.458191427158296 -0.888835448654923 -0.889582819959056 1.88883544865492 1.88838626656597
2.72906028493659 0.400930535406614 0.400847196039897 -0.91610845743207 -0.916838566083491 1.91610845743207 1.91565551063921
2.79252680319093 0.342020143325669 0.341896696706053 -0.939692620785908 -0.940200634190148 1.93969262078591 1.9392330369183
2.85599332144527 0.28173255684143 0.281587047343754 -0.959492973614497 -0.95966902427903 1.9594929736145 1.9590247430177
2.91945983969961 0.220310532786541 0.220165366139992 -0.975429786885407 -0.975243736350135 1.97542978688541 1.97495221028277
2.98292635795395 0.15800139597335 0.15787877128176 -0.987438888676394 -0.986924770403464 1.98743888867639 1.98695270378981
3.04639287620828 0.0950560433041824 0.0949743809560472 -0.995471922573085 -0.994712126439017 1.99547192257308 1.99497917234605
3.10985939446262 0.0317279334980677 0.0316993133498478 -0.999496542383185 -0.998605804456793 1.99949654238319 1.99900024848963
3.17332591271696 -0.0317279334980679 -0.0316993133498479 -0.999496542383185 -0.998605804456793 1.99949654238319 1.99900024848963
3.2367924309713 -0.0950560433041826 -0.0949743809560474 -0.995471922573085 -0.994712126439017 1.99547192257308 1.99497917234605
3.30025894922564 -0.15800139597335 -0.15787877128176 -0.987438888676394 -0.986924770403464 1.98743888867639 1.98695270378981
3.36372546747998 -0.220310532786541 -0.220165366139992 -0.975429786885407 -0.975243736350135 1.97542978688541 1.97495221028277
3.42719198573432 -0.28173255684143 -0.281587047343754 -0.959492973614497 -0.95966902427903 1.9594929736145 1.9590247430177
3.49065850398866 -0.342020143325669 -0.341896696706053 -0.939692620785908 -0.940200634190148 1.93969262078591 1.9392330369183
3.554125022243 -0.400930535406614 -0.400847196039898 -0.91610845743207 -0.91683856608349 1.91610845743207 1.91565551063921
3.61759154049734 -0.45822652172741 -0.458191427158296 -0.888835448654923 -0.889582819959056 1.88883544865492 1.88838626656597
3.68105805875168 -0.513677391573406 -0.513682271874256 -0.857983413234977 -0.858433395816845 1.85798341323498 1.85753509081508
3.74452457700602 -0.567059863862771 -0.567072612000787 -0.823676581429833 -0.823390293656859 1.82367658142983 1.82322745323392
3.80799109526036 -0.618158986220605 -0.618118727417832 -0.786053094742787 -0.784721218958173 1.78605309474279 1.78560447505132
3.87145761351469 -0.666769000516292 -0.666627743155026 -0.745264449675755 -0.74352673869033 1.74526444967575 1.74482145477768
3.93492413176903 -0.712694171378863 -0.712445924938924 -0.701474887706321 -0.699925833066253 1.70147488770632 1.7010443173458
3.99839065002337 -0.755749574354258 -0.755420545330725 -0.654860733945285 -0.653918502085942 1.65486073394529 1.65444868715728
4.06185716827771 -0.795761840530832 -0.795398876891633 -0.605609687137667 -0.605504745749397 1.60560968713767 1.60521988169252
4.12532368653205 -0.832569854634771 -0.832228192182845 -0.55392006386611 -0.554684564056618 1.55392006386611 1.55355291151069
4.18879020478639 -0.866025403784439 -0.865755763765566 -0.5 -0.501457957007604 1.5 1.49965248024974
4.25225672304073 -0.895993774291336 -0.895828864200993 -0.444066612605774 -0.445824924602357 1.44406661260577 1.44373298462641
4.31572324129507 -0.922354294104581 -0.922294766050329 -0.386345125693129 -0.387785466840875 1.38634512569313 1.38601851443622
4.37918975954941 -0.945000818714668 -0.945000741874774 -0.327067963317422 -0.32733958372316 1.32706796331742 1.32674285255348
4.44265627780375 -0.963842158559942 -0.963802795154115 -0.266473813690035 -0.265076849461487 1.26647381369003 1.26614937796008
4.50612279605809 -0.978802446214779 -0.9786470640116 -0.204806668065191 -0.202705826058784 1.20480666806519 1.20448817736964
4.56958931431243 -0.989821441880933 -0.989532861173756 -0.142314838273285 -0.140334802656082 1.14231483827329 1.14201047792683
4.63305583256677 -0.996854775951942 -0.996460186640582 -0.0792499568567888 -0.0779637792533789 1.07924995685679 1.07896751004777
4.69652235082111 -0.999874127673875 -0.99942904041208 -0.0158659638348076 -0.0155927558506754 1.01586596383481 1.01561050414857
4.75998886907544 -0.998867339183008 -0.998439422488247 0.0475819158237424 0.0467782675520273 0.952418084176258 0.952190690645345
4.82345538732978 -0.993838464461254 -0.993491332869085 0.110838199901011 0.10914929095473 0.889161800098989 0.888959299954203
4.88692190558412 -0.984807753012208 -0.984584771554594 0.17364817766693 0.171520314357432 0.82635182233307 0.826167562491255
4.95038842383846 -0.971811568323542 -0.971719738544773 0.235758935509427 0.233891337760136 0.764241064490573 0.764066708672611
5.0138549420928 -0.954902241444074 -0.954896233839623 0.296920375328275 0.296262361162838 0.703079624671725 0.702907968914384
5.07732146034714 -0.934147860265107 -0.934127290180588 0.356886221591872 0.357863328451546 0.643113778408128 0.642942408204139
5.14078797860148 -0.909631995354518 -0.909522260413847 0.415415013001887 0.417105998891146 0.584584986998113 0.584417513490961
5.20425449685582 -0.881453363447582 -0.881233668341615 0.472271074772683 0.47394224397451 0.527728925227317 0.52757191354234
5.26772101511016 -0.849725429949514 -0.849414241402692 0.527225467610502 0.52837206370164 0.472774532389498 0.472634544693185
5.3311875333645 -0.814575952050336 -0.814216707035876 0.580056909571198 0.580395458072536 0.419943090428802 0.419824650199627
5.39465405161884 -0.776146464291757 -0.775793792679966 0.630552667084523 0.630012427087199 0.369447332915477 0.369351780239009
5.45812056987318 -0.734591708657533 -0.734298225773761 0.678509411557132 0.677222970745627 0.321490588442868 0.321415791909898
5.52158708812752 -0.690079011482112 -0.689882733756062 0.72373403810507 0.722027089047822 0.27626596189493 0.276206849232074
5.58505360638185 -0.64278760968654 -0.642700044065666 0.766044443118978 0.764424781993781 0.233955556881022 0.233905423146536
5.64852012463619 -0.59290792905464 -0.592902884141373 0.805270257531059 0.804416049583508 0.194729742468941 0.194682291515499
5.71198664289053 -0.540640817455597 -0.540655449897888 0.841253532831181 0.841398554489075 0.158746467168819 0.158698375352946
5.77545316114487 -0.486196736100469 -0.486183967703268 0.873849377069785 0.874494817640173 0.126150622930215 0.126102304722811
5.83891967939921 -0.429794912089172 -0.429735540012715 0.902926538286621 0.903697402773495 0.0970734617133789 0.0970273913130015
5.90238619765355 -0.371662455660327 -0.371557285013219 0.928367933016073 0.929006309889042 0.0716320669839273 0.0715912631054601
5.96585271590789 -0.312033445698487 -0.311896320891773 0.950071117740945 0.950421538986811 0.0499288822590546 0.0498958643512043
6.02931923416223 -0.251147987181079 -0.250999765835369 0.967948701396356 0.967943090066804 0.0320512986036438 0.0320274555703251
6.09278575241657 -0.18925124436041 -0.189114738030997 0.981928697262707 0.981570963129022 0.0180713027372932 0.0180566135519878
6.15625227067091 -0.126592453573749 -0.126488355665651 0.991954812830795 0.991305158173462 0.00804518716920466 0.00803823135443282
6.21971878892525 -0.0634239196565645 -0.0633677369263216 0.997986676471884 0.997145675200127 0.00201332352811556 0.00201151830497416
6.28318530717959 -2.44921270764475E-16 -4.02455846426619E-16 1 0.999092514209015 0 2.91433543964104E-16
