0 0
0.0628319 0.0672884
0.125664 0.132686
0.188496 0.196192
0.251327 0.257807
0.314159 0.317531
0.376991 0.375364
0.439823 0.431306
0.502655 0.485357
0.565487 0.537517
0.628319 0.587785
0.69115 0.636127
0.753982 0.682366
0.816814 0.726289
0.879646 0.767683
0.942478 0.806337
1.00531 0.842037
1.06814 0.874571
1.13097 0.903728
1.19381 0.929294
1.25664 0.951057
1.31947 0.968842
1.3823 0.98263
1.44513 0.992436
1.50796 0.998279
1.5708 1.00017
1.63363 0.998141
1.69646 0.992196
1.75929 0.982355
1.82212 0.968636
1.88496 0.951057
1.94779 0.929655
2.01062 0.904553
2.07345 0.875895
2.13628 0.843825
2.19911 0.808486
2.26195 0.770021
2.32478 0.728575
2.38761 0.684292
2.45044 0.637314
2.51327 0.587785
2.57611 0.535866
2.63894 0.481781
2.70177 0.42577
2.7646 0.368075
2.82743 0.308935
2.89027 0.248592
2.9531 0.187287
3.01593 0.125259
3.07876 0.0627498
3.14159 -4.75926e-15
3.20442 -0.0627498
3.26726 -0.125259
3.33009 -0.187287
3.39292 -0.248592
3.45575 -0.308935
3.51858 -0.368075
3.58142 -0.42577
3.64425 -0.481781
3.70708 -0.535866
3.76991 -0.587785
3.83274 -0.637314
3.89557 -0.684292
3.95841 -0.728575
4.02124 -0.770021
4.08407 -0.808486
4.1469 -0.843825
4.20973 -0.875895
4.27257 -0.904553
4.3354 -0.929655
4.39823 -0.951057
4.46106 -0.968636
4.52389 -0.982355
4.58673 -0.992196
4.64956 -0.998141
4.71239 -1.00017
4.77522 -0.998279
4.83805 -0.992436
4.90088 -0.98263
4.96372 -0.968842
5.02655 -0.951057
5.08938 -0.929294
5.15221 -0.903728
5.21504 -0.874571
5.27788 -0.842037
5.34071 -0.806337
5.40354 -0.767683
5.46637 -0.726289
5.5292 -0.682366
5.59203 -0.636127
5.65487 -0.587785
5.7177 -0.537517
5.78053 -0.485357
5.84336 -0.431306
5.90619 -0.375364
5.96903 -0.317531
6.03186 -0.257807
6.09469 -0.196192
6.15752 -0.132686
6.22035 -0.0672884
6.28319 -2.22045e-16
