-5 -42756497195167.1
-4.875 -0.0845529474455985
-4.75 -0.0563928696479195
-4.625 -0.0530329557667296
-4.5 -0.0600196018019154
-4.375 -0.0793335426676201
-4.25 -0.126176643066486
-4.125 -0.282873668548755
-4 267228107469794
-3.875 0.412195618797293
-3.75 0.267866130827618
-3.625 0.245277420421124
-3.5 0.270088208108619
-3.375 0.347084249170838
-3.25 0.536250733032565
-3.125 1.16685388276362
-3 -1.42521657317224E+15
-2.875 -1.59725802283951
-2.75 -1.00449799060357
-2.625 -0.889130649026576
-2.5 -0.945308728380167
-2.375 -1.17140934095158
-2.25 -1.74281488235584
-2.125 -3.6464183836363
-2 6.41347457927506E+15
-1.875 4.59211681566359
-1.75 2.76236947415981
-1.625 2.33396795369476
-1.5 2.36327182095042
-1.375 2.78209718476
-1.25 3.92133348530064
-1.125 7.74863906522714
-1 -2.56538983171002E+16
-0.875 -8.61021902936924
-0.75 -4.83414657977967
-0.625 -3.79269792475399
-0.5 -3.54490773142563
-0.375 -3.825383629045
-0.25 -4.9016668566258
-0.125 -8.71721894838053
0 Infinity
0.125 7.53394152188078
0.25 3.62560987363124
0.375 2.37043616326337
0.5 1.77245383609822
0.625 1.43451883686183
0.75 1.22541669347033
0.875 1.0896523499164
1 0.999999989064903
1.125 0.941742690235098
1.25 0.906402468407809
1.375 0.888913561223765
1.5 0.886226918049109
1.625 0.896574273038643
1.75 0.919062520102744
1.875 0.953445806176854
2 0.999999989064903
2.125 1.05946052651449
2.25 1.13300308550976
2.375 1.22225614668268
2.5 1.32934037707366
2.625 1.45693319368779
2.75 1.6083594101798
2.875 1.7877108865816
3 1.99999997812981
3.125 2.25135361884328
3.25 2.54925694239696
3.375 2.90285834837136
3.5 3.32335094268416
3.625 3.82444963343046
3.75 4.42298837799446
3.875 5.1396687989221
4 5.99999993438942
4.125 7.03548005888525
4.25 8.28508506279013
4.375 9.79714692575333
4.5 11.6317282993946
4.625 13.8636299211854
4.75 16.5862064174792
4.875 19.9162165958231
5 23.9999997375577
