0.01 25.0024835457353
0.11 2.30022786615947
0.21 1.24297755979225
0.31 0.883967993920208
0.41 0.712245785939023
0.51 0.617697493862677
0.61 0.562338932169455
0.71 0.529620484062894
0.81 0.511138826682823
0.91 0.502225761495225
1.01 0.500023266985451
1.11 0.502725299608222
1.21 0.509109362489503
1.31 0.518338193117504
1.41 0.529811910260368
1.51 0.543057014423209
1.61 0.557774921270529
1.71 0.573693309613412
1.81 0.590618476878879
1.91 0.608358466619573
2.01 0.626877194191107
2.11 0.645983370735347
2.21 0.665621759463702
2.31 0.685724050436127
2.41 0.706232560961649
2.51 0.727067996121159
2.61 0.748281702383358
2.71 0.769750719825178
2.81 0.791467405176715
2.91 0.81340972690683
