0.01 5798997.49834914 1001.66762326363 0.834027598180077
0.0876644437532599 5798977.92743687 1014.71375939527 7.35880373376191
0.36719558579322 5798905.37825994 1063.07546721892 31.5462728464148
0.987572588874603 5798732.01514969 1178.6391443075 89.3457060059559
1.99681183951146 5798409.7090543 1393.48362718516 196.80731851116
3.32997587775862 5797893.8594495 1737.32931756733 368.81123293076
4.85148043525151 5797149.59017017 2233.4045768121 617.005253020568
6.4154199999997 5796163.1996697 2890.81181187101 945.988518433806
7.70048939565628 5795135.88108689 3575.43675058989 1288.6821625247
8.84945038672485 5794011.70583463 4324.53918791549 1663.75497745239
9.86411634589971 5792823.44282533 5116.26765878672 2060.28951588375
10.763962391879 5791587.98554388 5939.35474018516 2472.65971593669
11.5698753336437 5790313.12670399 6788.59950273473 2898.27379327871
12.2994222468179 5789002.22399811 7661.7568937678 3336.01910812486
12.9663257847574 5787656.72471588 8557.85487971609 3785.42040439981
13.6114793255205 5786205.73870388 9524.08970631237 4270.1715898113
14.1923604873237 5784759.55606333 10487.0046169965 4753.43931967353
14.7530116584902 5783225.50088292 11508.2958961272 5266.20322095367
15.2613661436352 5781705.83743664 12519.8715151285 5774.29104823686
15.7535113663424 5780107.83183147 13583.4521762261 6308.71599230158
16.2258193107305 5778447.08177738 14688.6369126806 6864.28130993621
16.6769312545192 5776735.23011383 15827.6612174445 7437.10866872258
17.1068742418048 5774980.71993082 16994.8932174585 8024.3868517234
17.5164566472779 5773189.53555419 18186.3394804453 8624.12496536642
17.9068790922067 5771365.84390264 19399.217394407 9234.93870295106
18.2794966559267 5769512.50874597 20631.6123749278 9855.878879103
18.6356811297603 5767631.48222924 21882.2169434002 10486.3008273598
18.9767465240941 5765724.09198887 23150.1394268125 11125.7685843196
19.3039130664816 5763791.24577443 24434.7676508223 11773.9865747481
19.6182937317252 5761833.57397542 25735.6740170814 12430.7520074995
19.9208933518364 5759851.52698477 27052.5506733813 13095.9223418467
20.2126142751568 5757845.44055093 28385.1660086873 13769.3934403785
20.4942650255099 5755815.57890183 29733.3359524698 14451.0851457036
20.766569944853 5753762.16269981 31096.9053745761 15140.9319256117
21.0301787289432 5751685.38680573 32475.7362693208 15838.8769249542
21.285675312476 5749585.43129893 33869.7004279894 16544.8682730841
21.5335858744611 5747462.46810356 35278.6750348104 17258.8568616348
21.7743859085516 5745316.66480119 36702.540134394 17980.7950644158
22.0085063938503 5743148.18667839 38141.1772728249 18710.6360487877
22.2363391443517 5740957.19769529 39594.4688558066 19448.3334488986
22.4582414307257 5738743.86081791 41062.2979294774 20193.8412526099
22.6745399691405 5736508.33799454 42544.5481973399 20947.1138081149
22.8855343655584 5734250.78995062 44041.1041575327 21708.1058918479
23.0915000945768 5731971.37590705 45551.8512905705 22476.7728023762
23.2926910817013 5729670.25328327 47076.6762569924 23253.0704597405
23.4893419481179 5727347.57741825 48615.4670827675 24036.9554989873
23.6816699681106 5725003.50132603 50168.1133216143 24828.3853523515
23.8698767814572 5722638.17549191 51734.5061901323 25627.3183179556
24.0541498964366 5720251.74770965 53314.5386754984 26433.7136148497
24.2346640134116 5717844.36295721 54908.1056175352 27247.5314252601
24.4115821941944 5715416.16330667 56515.103767922 28068.7329254112
24.5850568984359 5712967.28786391 58135.4318296384 28897.2803064519
24.7552309049698 5710497.87273331 59768.9904796887 29733.1367870053
24.9222381332952 5708008.05100332 61415.6823779281 30576.2666187474
25.0862043780881 5705497.95274923 63075.4121645007 31426.6350862693
25.2472479677231 5702967.70504962 64748.086448064 32284.208502311
25.4054803561909 5700417.43201405 66433.6137866554 33148.9541992957
25.5610066564568 5697847.2548193 68131.9046627589 34020.8405179453
25.7139261221855 5695257.2917525 69842.8714538718 34899.8367936288
25.8643325838064 5692647.65825937 71566.4283996457 35785.9133409828
26.0123148440934 5690018.46699627 73302.4915664848 36679.0414372482
26.1579570377544 5687369.82788499 75050.9788103258 37579.193304685
26.3013389589455 5684701.84816945 76811.8097381859 38486.3420923628
26.4425363601304 5682014.63247347 78584.9056689586 39400.4618575656
26.5816212252835 5679308.28285915 80370.189593842 40321.5275470077
26.7186620200692 5676582.89888528 82167.5861367094 41249.5149780131
26.8537239213182 5673838.57766554 83977.0215146705 42184.4008197878
26.9868690278474 5671075.4139261 85798.4234990189 43126.1625748799
27.1181565544379 5668293.50006237 87631.7213767206 44074.7785609101
27.2476430105786 5665492.92619481 89476.8459125639 45030.2278926286
27.375382365406 5662673.78022359 91333.7293120616 45992.4904643506
27.5014262001143 5659836.14788202 93202.3051851761 46961.5469328001
27.6258238489721 5656980.11278869 95082.5085109147 47937.3787003923
27.7486225299664 5654105.7564982 96974.2756028332 48919.9678989701
27.869867465983 5651213.15855053 98877.5440754667 49909.2973740062
27.9896019973439 5648302.39651902 100792.252811702 50905.3506692797
28.1078676864385 5645373.54605688 102718.341931094 51908.1120120273
28.2247044151119 5642426.6809423 104655.752759126 52917.5662985692
28.3401504754098 5639461.87312219 106604.427797401 53933.6990804069
28.4542426542212 5636479.19275445 108564.310694758 54956.4965507863
28.5670163123103 5633478.70824899 110535.346219296 55985.9455317192
28.6785054581806 5630460.48630727 112517.480231278 57022.0334614555
28.7887428171762 5627424.59196069 114510.659656918 58064.748382395
28.8977598961873 5624371.08860756 116514.832463006 59114.0789294304
29.0055870442931 5621300.03804893 118529.947632359 60170.0143187093
29.1122535096484 5618211.50052311 120555.955140079 61232.5443368051
29.2177874928905 5615105.53473912 122592.80593059 62301.6593302855
29.3222161973222 5611982.19790891 124640.451895423 63377.3501956664
29.4255658761025 5608841.54577851 126698.845851749 64459.6083697408
29.5278618766587 5605683.63265812 128767.941521603 65548.4258202712
29.6291286825157 5602508.51145115 130847.693511811 66643.7950370341
29.7293899527209 5599316.23368222 132938.057294569 67745.7090232059
29.8286685590323 5596106.84952425 135038.989188671 68854.1612870797
29.9269866210183 5592880.40782454 137150.446341354 69969.1458341012
30.0243655392122 5589636.95613004 139272.386710738 71090.6571592166
30.1208260264489 5586376.54071162 141404.769048858 72218.6902395182
30.2163881375036 5583099.20658758 143547.552885236 73353.2405271824
30.311071297141 5579804.9975463 145700.69851101 74494.3039426879
30.40489432668 5576493.95616812 147864.16696357 75641.8768683059
30.4978754691642 5573166.12384644 150037.920011707 76795.9561418552
30.5900324132286 5569821.54080805 152221.92014124 77956.5390507105
30.6813823157419 5566460.24613282 154416.130541118 79123.6233260594
30.7719418232992 5563082.27777263 156620.515089967 80297.207137398
30.8617270926366 5559687.67256966 158835.038343082 81477.2890872583
30.9507538100303 5556276.466274 161059.665519834 82663.8682061612
31.0390372097422 5552848.69356072 163294.362491488 83856.943947786
31.1265920915672 5549404.38804623 165539.095769415 85056.5161843525
31.2134328375351 5545943.58230411 167793.832493679 86262.5852022068
31.2995734278154 5542466.30788039 170058.540422001 87475.151697607
31.3850274558709 5538972.59530823 172333.187919064 88694.2167727014
31.469808142902 5535462.47412213 174617.743946179 89919.7819316937
31.5539283516224 5531935.97287155 176912.178051261 91151.8490771916
31.6374005994022 5528393.11913412 179216.460359149 92390.4205067307
31.7202370708139 5524833.93952831 181530.561562215 93635.498909472
31.8024496296131 5521258.45972564 183854.45291129 94887.0873630661
31.8840498301857 5517666.70446245 186188.106206868 96145.1893306803
31.9650489284882 5514058.69755122 188531.493790599 97409.8086581846
32.0454578925099 5510434.46189146 190884.58853705 98680.9495714925
32.1252874122801 5506794.01948022 193247.363845731 99958.6166740519
32.2045479094461 5503137.39142214 195619.793633379 101242.814944483
32.283249546442 5499464.59793915 198001.852326482 102533.549734362
32.3614022352709 5495775.65837981 200393.51485405 103830.82676614
32.4390156459193 5492070.59122818 202794.756640616 105134.652131201
32.5160992144217 5488349.41411247 205205.553599463 106445.03228806
32.5926621505941 5484612.14381325 207625.882126068 107761.974060679
32.6687134454517 5480858.79627132 210055.719091759 109085.48463692
32.7442618783262 5477089.38659529 212495.041837582 110415.571567125
32.8193160236985 5473303.92906883 214943.828168359 111752.24276281
32.8938842577585 5469502.43715755 217402.056346954 113095.506495489
32.9679747647075 5465684.92351568 219869.705088713 114445.371395607
33.041595542813 5461851.3999923 222346.753556098 115801.846451598
33.1147544102289 5458001.87763745 224833.181353497 117164.941009053
33.1874590105925 5454136.3667078 227328.968522207 118534.664769994
33.2597168184062 5450254.87667214 229834.095535586 119911.02779227
33.3315351442174 5446357.41621658 232348.543294367 121294.040489053
33.4029211396025 5442443.99324942 234872.293122142 122683.71362844
33.4738818019657 5438514.61490584 237405.326760986 124080.058333171
33.5444239791604 5434569.28755231 239947.626367251 125483.086080436
33.6145543739406 5430608.01679071 242499.174507495 126892.808701793
33.6842795482515 5426630.80746225 245059.954154561 128309.23838319
33.7536059273638 5422637.66365112 247629.948683797 129732.387665077
33.8225398038607 5418628.58868795 250209.141869413 131162.26944263
33.8910873414831 5414603.58515297 252797.517880974 132598.896966059
33.9592545788384 5410562.65487895 255395.061280022 134042.283841022
34.027047432981 5406505.79895403 258001.757016828 135492.444029136
34.0944717028662 5402433.01772415 260617.590427267 136949.391848576
34.1615330726872 5398344.3107954 263242.547229823 138413.141974776
34.2282371150962 5394239.67703607 265876.613522705 139883.709441218
34.2945892943171 5390119.11457859 268519.775781087 141361.109640319
34.3605949691527 5385982.62082113 271172.020854459 142845.358324409
34.4262593958916 5381830.1924291 273833.335964095 144336.471606799
34.4915877311179 5377661.82533642 276503.708700626 145834.465962946
34.5565850344294 5373477.51474656 279183.127021731 147339.358231707
34.6212562710657 5369277.25513339 281871.579249923 148851.165616681
34.6856063144514 5365061.0402419 284569.054070445 150369.905687651
34.7496399486573 5360828.86308862 287275.540529274 151895.596382106
34.8133618707829 5356580.71596192 289991.028031211 153428.256006863
34.8767766932627 5352316.59042213 292715.506338091 154967.903239775
34.9398889461001 5348036.4773014 295448.965567066 156514.557131533
35.0027030790314 5343740.36670344 298191.396189007 158068.237107554
35.0652234636225 5339428.24800304 300942.789026986 159628.962969969
35.1274543953005 5335100.10984546 303703.135254851 161196.754899691
35.1894000953235 5330755.94014551 306472.426395905 162771.633458584
35.2510647126903 5326395.72608662 309250.654321656 164353.61959172
35.3124523259925 5322019.45411959 312037.811250678 165942.734629727
35.3735669452108 5317627.10996122 314833.889747539 167539.000291234
35.4344125134587 5313218.67859277 317638.882721829 169142.438685401
35.4949929086732 5308794.14425817 320452.783427269 170753.072314554
35.5553119452577 5304353.49046218 323275.585460909 172370.924076903
35.6153733756757 5299896.69996823 326107.282762399 173996.017269364
35.6751808919989 5295423.75479618 328947.869613356 175628.375590466
35.7347381274117 5290934.63621983 331797.340636801 177268.023143367
35.7940486576711 5286429.32476436 334655.69079669 178914.984438954
35.8531160025275 5281907.80020344 337522.915397512 180569.284399049
35.9119436271039 5277370.04155631 340399.010083973 182230.948359713
35.9705349432376 5272816.02708459 343283.970840763 183900.002074644
36.0288933107849 5268245.73428893 346177.793992393 185576.471718681
36.0870220388898 5263659.13990548 349080.476203115 187260.383891407
36.1449243872179 5259056.21990222 351992.01447692 188951.765620854
36.2026035671579 5254436.94947508 354912.406157605 190650.644367314
36.26006274299 5249801.30304382 357841.64892893 192357.048027252
36.3173050330241 5245149.25424784 360779.740814835 194071.004937326
36.3743335107072 5240480.77594174 363726.680179747 195792.543878515
36.4311512057026 5235795.84019069 366682.465728951 197521.694080356
36.4877611049404 5231094.41826567 369647.096509042 199258.485225287
36.5441661536421 5226376.48063844 372620.57190845 201002.94745311
36.6003692563178 5221641.9969764 375602.891658038 202755.111365557
36.656373277739 5216890.93613725 378594.055831777 204515.008030976
36.7121810438868 5212123.26616337 381594.064847494 206282.668989134
36.7677953428767 5207338.95427618 384602.91946769 208058.126256135
36.82321892586 5202537.96687011 387620.620800437 209841.412329458
36.8784545079045 5197720.26950654 390647.170300346 211632.560193118
36.9335047688524 5192885.82690744 393682.569769611 213431.603322951
36.9883723541584 5188034.60294886 396726.821359122 215238.575692018
37.0430598757082 5183166.5606542 399779.927569655 217053.511776145
37.097569912617 5178281.66218728 402841.891253137 218876.446559584
37.1519050120099 5173379.86884521 405912.71561398 220707.415540812
37.2060676897842 5168461.14105105 408992.404210494 222546.454738459
37.2600604313542 5163525.43834625 412080.960956371 224393.600697374
37.3138856923791 5158572.71938293 415178.390122241 226248.890494827
37.3675458994752 5153602.94191584 418284.69633731 228112.361746852
37.4210434509111 5148616.0627942 421399.884591063 229984.052614736
37.4743807172893 5143612.03795331 424523.960235048 231864.001811647
37.5275600422114 5138590.82240585 427656.928984733 233752.248609419
37.5805837429304 5133552.37023309 430798.796921439 235648.832845475
37.6334541109885 5128496.63457574 433949.570494346 237553.794929919
37.6861734128414 5123423.56762465 437109.256522579 239467.175852769
37.7387438904706 5118333.12061128 440277.862197364 241389.017191359
37.7911677619817 5113225.24379783 443455.395084271 243319.3611179
37.8434472221926 5108099.88646727 446641.863125521 245258.250407208
37.8955844432079 5102956.99691303 449837.274642378 247205.728444594
37.9475815749839 5097796.52242845 453041.638337619 249161.839233934
37.9994407458814 5092618.40929601 456254.96329808 251126.627405909
38.0511640632083 5087422.6027763 459477.258997277 253100.138226425
38.1027536137524 5082209.04709667 462708.535298117 255082.417605214
38.1542114643037 5076977.68543971 465948.802455673 257073.512104617
38.2055396621677 5071728.45993138 469198.071120055 259073.468948567
38.256740235669 5066461.3116289 472456.352339345 261082.336031751
38.3078151946465 5061176.18050839 475723.657562632 263100.161928978
38.3587665309396 5055873.00545215 478999.998643106 265126.995904747
38.4095962188662 5050551.72423573 482285.387841256 267162.887923015
38.4603062156929 5045212.27351469 485579.837828136 269207.888657177
38.5108984620969 5039854.58881102 488883.361688715 271262.049500264
38.5613748826215 5034478.60449933 492195.97292532 273325.422575348
38.6117373861229 5029084.25379267 495517.685461154 275398.060746182
38.6619878662114 5023671.46872805 498848.513643898 277480.017628056
38.7121282016855 5018240.1801517 502188.472249406 279571.347598892
38.7621602569586 5012790.31770395 505537.57648548 281672.105810571
38.8120858824814 5007321.80980376 508895.841995729 283782.348200507
38.8619069151562 5001834.58363302 512263.28486352 285902.131503459
38.9116251787473 4996328.56512038 515639.921616015 288031.513263607
38.9612424842844 4990803.67892484 519025.769228289 290170.551846874
39.0107606304619 4985259.84841894 522420.845127546 292319.306453515
39.0601814040318 4979696.9956716 525825.167197418 294477.83713098
39.1095065801932 4974115.04143061 529238.753782352 296646.20478704
39.1587379229757 4968513.90510471 532661.623692086 298824.471203204
39.2078771856191 4962893.50474536 536093.796206221 301012.699048417
39.2569261109487 4957253.75702808 539535.291078873 303210.951893048
39.3058864317464 4951594.57723339 542986.128543425 305419.294223182
39.3547598711176 4945915.87922742 546446.329317362 307637.791455216
39.4035481428546 4940217.57544204 549915.914607198 309866.509950763
39.4522529517969 4934499.57685462 553394.9061135 312105.517031875
39.5008759941867 4928761.7929674 556883.326035993 314354.880996602
39.5494189580231 4923004.13178637 560381.197078762 316614.671134866
39.5978835234111 4917226.49979977 563888.542455545 318884.957744687
39.6462713629098 4911428.80195613 567405.385895115 321165.812148754
39.694584141876 4905610.9416419 570931.751646749 323457.306711349
39.7428235188065 4899772.82065857 574467.664485794 325759.514855631
39.7909911456774 4893914.33919938 578013.149719318 328072.511081297
39.8390886682811 4888035.39582553 581568.233191853 330396.370982613
39.8871177265613 4882135.88744194 585132.94129122 332731.171266838
39.9350799549461 4876215.70927251 588707.300954449 335076.98977304
39.9829769826791 4870274.7548349 592291.339673786 337433.905491311
40.0308104341483 4864312.91591482 595885.085502778 339801.998582402
40.0785819292149 4858330.08253978 599488.567062447 342181.350397773
40.1262930835387 4852326.14295238 603101.813547552 344572.043500071
40.1739455089038 4846300.98358302 606724.854732924 346974.161684052
40.2215408135422 4840254.48902217 610357.72097988 349387.789997947
40.2690806024568 4834186.54199199 614000.443242729 351813.014765283
40.3165664777433 4828097.02331749 617653.05307533 354249.923607177
40.364000038911 4821985.81189715 621315.582637748 356698.605465102
40.4113828832035 4815852.7846729 624988.064702956 359159.150624139
40.4587166059187 4809697.81659965 628670.532663621 361631.650736724
40.5060028007275 4803520.78061414 632363.02053895 364116.198846909
40.5532430599935 4797321.54760329 636065.562981584 366612.889415127
40.6004389750914 4791099.98637195 639778.195284563 369121.81834349
40.6475921367257 4784855.96361003 643500.953388336 371643.083001628
40.6947041352493 4778589.34385912 647233.873887809 374176.782253069
40.741776560982 4772299.98947838 650976.994039447 376723.016482173
40.7888110045294 4765987.76060995 654730.3517684 379281.887621647
40.8358090571021 4759652.51514371 658493.985675662 381853.499180629
40.8827723108344 4753294.10868139 662267.935045247 384437.95627336
40.9297023591049 4746912.39450015 666052.239851387 387035.365648464
40.976600796856 4740507.22351544 669846.940765723 389645.835718835
41.0234692209151 4734078.44424336 673652.079164498 392269.476592139
41.070309230316 4727625.9027623 677467.697135744 394906.400101958
41.1171224266207 4721149.44267401 681293.837486426 397556.719839567
41.1639104142424 4714648.90506406 685130.54374957 400220.551186368
41.2106748007694 4708124.12846169 688977.860191334 402898.01134698
41.257417197289 4701574.94879898 692835.831818013 405589.21938301
41.3041392187136 4695001.19936952 696704.504382979 408294.296247496
41.3508424841062 4688402.71078643 700583.924393526 411013.364820042
41.397528617008 4681779.31093974 704474.139117602 413746.549942656
41.4441992457666 4675130.82495329 708375.196590422 416493.97845629
41.4908560038648 4668457.07514097 712287.145620936 419255.779238098
41.5375005302507 4661757.88096246 716210.035798126 422032.083239415
41.5841344696687 4655033.05897842 720143.91749712 424823.023524463
41.6307594729914 4648282.42280511 724088.84188509 427628.735309798
41.6773771975522 4641505.7830686 728044.860926916 430449.356004487
41.7239893074785 4634702.94735839 732012.027390577 433285.025251036
41.7705974740264 4627873.72018068 735990.394852256 436135.884967062
41.8172033759152 4621017.90291118 739980.017701108 439002.079387712
41.8638086996629 4614135.2937475 743980.951143668 441883.755108836
41.9104151399221 4607225.68766124 747993.25120786 444781.061130902
41.9570243998157 4600288.87634977 752016.97474657 447694.148903661
42.0036381912736 4593324.64818772 756052.179440727 450623.172371552
42.0502582353683 4586332.78817829 760098.923801865 453568.288019842
42.0968862626511 4579313.0779044 764157.267174105 456529.654921495
42.1435240134872 4572265.29547974 768227.269735504 459507.434784755
42.1901732383904 4565189.21549984 772308.992498722 462501.792001434
42.2368356983561 4558084.60899318 776402.497310939 465512.893695885
42.2835131651939 4550951.24337239 780507.846852961 468540.909774645
42.3302074218569 4543788.88238583 784625.104637441 471586.012976725
42.3769202627707 4536597.28606934 788754.335006151 474648.37892451
42.4236534941578 4529376.21069853 792895.603126208 477728.18617526
42.4704089343602 4522125.40874166 797048.974985187 480825.616273153
42.5171884141577 4514844.62881314 801214.517385013 483940.853801849
42.5639937770819 4507533.61562793 805392.297934548 487074.086437522
42.6108268797254 4500192.10995695 809582.385040753 490225.505002299
42.6576895920451 4492819.8485836 813784.847898325 493395.303518077
42.7045837976591 4485416.5642617 817999.756477685 496583.679260619
42.7515113941362 4477981.98567494 822227.181511181 499790.832813881
42.798474293277 4470515.83739813 826467.194477379 503016.968124487
42.8454744213856 4463017.83986047 830719.867583284 506262.29255625
42.8925137195315 4455487.70931101 834985.273744341 509527.016944653
42.9395941437983 4447925.15778678 839263.48656204 512811.355651183
42.9867176655212 4440329.89308367 843554.580298951 516115.526617384
43.0338862715088 4432701.61873051 847858.629850988 519439.751418506
43.0811019642491 4425040.03396669 852175.710716701 522784.255316605
43.1283667620982 4417344.8337237 856505.898963376 526149.267312929
43.175682699449 4409615.7086109 860849.271189694 529535.020199407
43.2230518268789 4401852.34490621 865205.904484719 532941.750609067
43.2704762112728 4394054.42455193 869575.876382921 536369.699065149
43.3179579359217 4386221.62515634 873959.264814968 539819.110028694
43.3654991005909 4378353.62000169 878356.148053956 543290.23194435
43.4131018215588 4370450.0780591 882766.604656775 546783.317284121
43.4607682316201 4362510.66401101 887190.713400238 550298.622588756
43.5085004800527 4354535.03828195 891628.553211614 553836.40850644
43.5563007325432 4346522.85707839 896080.203093159 557396.939828451
43.6041711710685 4338473.77243842 900545.742040225 560980.485521359
43.6521139937288 4330387.43229213 905025.24895249 564587.318755377
43.7001314145283 4322263.48053379 909518.802537835 568217.716928374
43.7482256630984 4314101.55710658 914026.481208346 571871.961685071
43.796398984359 4305901.29810123 918548.362967903 575550.338930863
43.8446536381127 4297662.33586954 923084.525290775 579253.138839685
43.8929918985656 4289384.29915411 927635.044990603 582980.655855287
43.9414160537696 4281066.81323566 932199.998079121 586733.18868522
43.9899284049782 4272709.50009929 936779.459613917 590511.040286798
44.0385312659108 4264311.97862127 941373.503534505 594314.517844227
44.0872269619166 4255873.86477804 945982.202485926 598143.932736034
44.1360178290299 4247394.77187909 950605.627629059 601999.600491853
44.1849062129101 4238874.31082566 955243.848436771 605881.840737573
44.2338944676552 4230312.09039726 959896.932474983 609790.977127758
44.2829849544804 4221707.71756814 964564.945167698 613727.337264165
44.3321800402517 4213060.79785591 969247.949544968 617691.252599121
44.3814820958617 4204370.93570487 973946.005972722 621683.058322414
44.4308934944391 4195637.73490638 978659.171863358 625703.093230258
44.4804166093766 4186860.7990593 983387.501365904 629751.699574795
44.5300538121657 4178039.73207297 988131.045034536 633829.222892499
44.5798074700251 4169174.13871609 992889.84947418 637936.011809733
44.6296799433069 4160263.62521455 997663.956961869 642072.417823584
44.6796735826663 4151307.7999015 1002453.40504249 646238.795056016
44.7297907259789 4142306.27392327 1007258.22609749 650435.499979237
44.7800336949887 4133258.6620048 1012078.44688516 654662.891110046
44.8304047916693 4124164.58327832 1016914.08805083 658921.328670853
44.8809062942805 4115023.66217938 1021765.16360576 663211.174214863
44.9315404531022 4105835.52941424 1026631.68037289 667532.790212872
44.982309485825 4096599.82300297 1031513.63739808 671886.539598952
45.0332155725797 4087316.18940246 1036411.02532535 676272.785272195
45.0842608505835 4077984.28471396 1041323.82573444 680691.889551602
45.1354474083846 4068603.7759795 1046252.01043943 685144.213581073
45.1867772796842 4059174.34257178 1051195.54074684 689630.116681382
45.2382524367143 4049695.67768205 1056154.366672 694149.955645956
45.2898747831537 4040167.48991036 1061128.42611243 698704.083977212
45.341646146561 4030589.50496257 1066117.64397723 703292.8510602
45.3935682703071 4020961.46745819 1071121.93127153 707916.601270282
45.4456428049897 4011283.14285299 1076141.18413537 712575.673011635
45.4978712993144 4001554.31947982 1081175.28283674 717270.397683446
45.5502551904291 3991774.81071073 1086224.09071848 722001.098570799
45.6027957937009 3981944.45724291 1091287.45309965 726768.089657437
45.6554942919282 3972063.12951021 1096365.19613193 731571.674357856
45.7083517239845 3962130.73022112 1101457.12561239 736412.144166494
45.7613689728952 3952147.19702328 1106563.0257545 741289.777222222
45.8145467533535 3942112.50529328 1111682.65791988 746204.836786837
45.8678855986886 3932026.67104904 1116815.7593141 751157.569636866
45.921385847307 3921889.75398076 1121962.0416505 756148.204368732
45.9750476286338 3911701.86059455 1127121.18978726 761176.949618185
46.0288708485919 3901463.14746067 1132292.86034347 766243.992195862
46.0828551746678 3891173.82455644 1137476.68030157 771349.495141998
46.1370000206218 3880834.15869109 1142672.24560435 776493.595704553
46.1913045309137 3870444.47699749 1147879.11975606 781676.403246453
46.2457675649296 3860005.17047225 1153096.83243855 786897.997089206
46.3003876811076 3849516.69754333 1158324.87815477 792158.424301895
46.3551631210766 3838979.5876403 1163562.71491334 797457.697446362
46.410091793937 3828394.44473934 1168809.76296921 802795.792291447
46.465171260829 3817761.95085155 1174065.40363727 808172.645511181
46.5203987199501 3807082.86941935 1179328.97819659 813588.152384064
46.5757709921975 3796358.04858247 1184599.78690479 819042.164512741
46.6312845076311 3785588.42427145 1189877.08814288 824534.487585681
46.6869352929603 3774775.02308332 1195160.09771208 830064.879204601
46.7427189602762 3763918.96489168 1200447.98830478 835633.046803545
46.7986306972587 3753021.46514026 1205739.88917235 841238.645687393
46.8546652590954 3742083.836768 1211034.88601268 846881.277219323
46.9108169623543 3731107.49171209 1216332.02109981 852560.487188101
46.9670796810523 3720093.94193529 1221630.29367768 858275.764387032
47.0234468451566 3709044.79992479 1226928.66063828 864026.539436937
47.079911441747 3697961.77861163 1232226.03750301 869812.183885362
47.1364660190513 3686846.69066285 1237521.29972358 875632.009613574
47.1931026935437 3675701.44710316 1242813.28431548 881485.268581356
47.2498131602699 3664528.05522867 1248100.79183387 887371.152937466
47.3065887065271 3653328.61578252 1253382.58869696 893288.795520524
47.3634202289856 3642105.31937097 1258657.40985774 899237.270771295
47.4202982542958 3630860.44210828 1263923.9618191 905215.596072626
47.4772129631699 3619596.34048986 1269180.92598222 911222.733527921
47.534154217873 3608315.44550524 1274426.96231186 917257.592182905
47.5911115930016 3597020.25601482 1279660.71329639 923319.03068879
47.6480744093662 3585713.33142784 1284880.80817432 929405.860397837
47.705031770734 3574397.28373178 1290085.86739326 935516.848874965
47.7619726031334 3563074.76893623 1295274.50726214 941650.72380163
47.8188856963638 3551748.4780066 1300445.34475244 947806.177240962
47.8757597473078 3540421.12737348 1305597.00240033 953981.870226187
47.9325834046012 3529095.44911341 1310728.11325847 960176.437628124
47.9893453141821 3517774.18090403 1315837.32584402 966388.493251955
48.0460341652176 3506460.05586235 1320923.30902868 972616.635108967
48.1026387358962 3495155.79237792 1325984.75681652 978859.450805556
48.1591479385695 3483864.08405349 1331020.39295692 985115.522989593
48.2155508637401 3472587.58986403 1336028.97534251 991383.434793458
48.2718368224138 3461328.92464071 1341009.30014575 997661.775213545
48.327995386365 3450090.64998002 1345960.20565213 1003949.14436785
48.3840164259066 3438875.26566968 1350880.57575397 1010244.15857635
48.4398901448057 3427685.20171248 1355769.34307439 1016545.45521313
48.4956071120408 3416522.81101757 1360625.49169811 1022851.69728432
48.5511582901578 3405390.36281588 1365448.05949233 1029161.5776918
48.6065350600433 3394290.03684252 1370236.14000792 1035473.82314956
48.6617292420003 3383223.91831586 1374988.88395819 1041787.19772596
48.7167331130699 3372193.99372872 1379705.50027856 1048100.50599272
48.7715394206066 3361202.14745463 1384385.25677706 1054412.59576832
48.8261413921676 3350250.15915934 1389027.48039047 1060722.36045019
48.8805327418291 3339339.70199699 1393631.55706611 1067028.7409369
48.9347076730847 3328472.34156007 1398196.93129301 1073330.72714692
48.9886608785217 3317649.53554419 1402723.10530947 1079627.35914635
49.0423875364988 3306872.63408132 1407209.63801655 1085917.72790213
49.0958833050741 3296142.88069008 1411656.14362849 1092200.97568143
49.149144313447 3285461.41378725 1416062.29009199 1098476.29612076
49.2021671511901 3274829.26870271 1420427.79730664 1104742.93399065
49.2549488555481 3264247.38013819 1424752.43517828 1111000.18468354
49.3074868970819 3253716.58501066 1429036.02153606 1117247.39345328
49.3597791639268 3243237.62562208 1433278.41994304 1123483.95443488
49.4118239449273 3232811.15309892 1437479.53742788 1129709.30947321
49.463619911893 3222437.73104795 1441639.32216372 1135922.94678833
49.5151661012084 3212117.83937758 1445757.76111805 1142124.39950437
49.5664618950088 3201851.87823791 1449834.87769478 1148313.24406731
49.6175070021162 3191640.17203652 1453870.72938805 1154489.09857543
49.6683014389103 3181482.97349115 1457865.40546431 1160651.62104454
49.7188455102899 3171380.46768446 1461819.02468741 1166800.50762813
49.7691397908592 3161332.77609029 1465731.73309904 1172935.49081067
49.8191851064567 3151339.96054478 1469603.70186486 1179056.33759036
49.8689825161254 3141402.02713957 1473435.1251947 1185162.84766573
49.918533294606 3131518.93001792 1477226.21834342 1191254.85163867
49.9678389154209 3121690.5750579 1480977.21569742 1197332.20924469
50.0169010345999 3111916.82343006 1484688.36895036 1203394.80761957
50.0657214750883 3102197.49501961 1488359.94537032 1209442.55961007
50.1143022118646 3092532.37170586 1491992.22615936 1215475.40213478
50.1626453577856 3082921.20049384 1495585.50490587 1221493.29460029
50.210753150168 3073363.69649513 1499140.08612863 1227496.21737625
50.2586279381076 3063859.54575637 1502656.28391146 1233484.17033218
50.3062721705295 3054408.40793591 1506134.42062619 1239457.17143791
50.3536883849598 3045009.91882979 1509574.82574156 1245415.25542865
50.4008791970019 3035663.69274977 1512977.83471515 1251358.47253508
50.4478472904984 3026369.32475659 1516343.78796513 1257286.88727829
50.4945954083564 3017126.39275274 1519673.02991844 1263200.57732881
50.5411263440107 3007934.45943932 1522965.90813198 1269099.63242869
50.5874429335007 2998793.07414197 1526222.77248299 1274984.15337505
50.6335480481301 2989701.77451139 1529443.97442511 1280854.2510635
50.6794445876849 2980660.08810401 1532629.86630654 1286710.04558945
50.7251354741787 2971667.53384844 1535780.80074641 1292551.66540515
50.7706236460982 2962723.62340354 1538897.13006614 1298379.24653032
50.8159120531192 2953827.86241382 1541979.20577214 1304192.93181404
50.8610036512679 2944979.75166788 1545027.37808657 1309992.87024555
50.905901398498 2936178.78816542 1548041.99552296 1315779.21631163
50.9506082506584 2927424.46609828 1551023.40450355 1321552.12939817
50.9951271578269 2918716.27775083 1553971.94901549 1327311.77323367
51.0394610609839 2910053.71432467 1556887.97030298 1333058.31537235
51.0836128890052 2901436.26669264 1559771.80659279 1338791.92671456
51.1275855559493 2892863.42608682 1562623.79285063 1344512.78106255
51.1713819586201 2884334.6847248 1565444.26056594 1350221.05470926
51.2150049743839 2875849.53637877 1568233.53756295 1355916.92605828
51.2584574592224 2867407.47689108 1570991.94783588 1361600.57527304
51.3017422460038 2859008.00464038 1573719.81140632 1367272.1839533
51.3448621429557 2850650.62096173 1576417.44420097 1372931.9348373
51.3878199323232 2842334.83052419 1579085.15794802 1378580.01152779
51.4306183691985 2834060.14166893 1581723.26009063 1384216.59824044
51.4732601805079 2825826.06671093 1584332.05371595 1389841.87957312
51.5157480641433 2817632.12220705 1586911.83749836 1395456.0402946
51.5580846882263 2809477.829193 1589462.90565568 1401059.26515132
51.6002726904937 2801362.71339181 1591985.5479171 1406651.73869109
51.6423146777946 2793286.30539587 1594480.04950178 1412233.64510236
51.6842132256888 2785248.14082478 1596946.69110711 1417805.16806811
51.7259708781375 2777247.76046102 1599385.74890574 1423366.49063324
51.7675901472789 2769284.71036513 1601797.49455041 1428917.79508446
51.8090735132806 2761358.54197225 1604182.1951859 1434459.26284185
51.8504234242609 2753468.81217149 1606540.11346735 1439991.07436116
51.891642296274 2745615.0833697 1608871.50758417 1445513.40904613
51.9327325133521 2737796.92354088 1611176.63128918 1451026.44516995
51.9736964275987 2730013.90626263 1613455.73393206 1456530.35980531
52.0145363593285 2722265.61074066 1615709.06049696 1462025.32876238
52.0552545972491 2714551.62182254 1617936.85164352 1467511.52653394
52.0958533986797 2706871.53000165 1620139.343751 1472989.12624736
52.1363349898032 2699224.93141223 1622316.76896509 1478458.29962268
52.1767015659479 2691611.42781645 1624469.35524708 1483919.21693647
52.2169552918958 2684030.62658415 1626597.32642498 1489372.04699088
52.2570983022135 2676482.14066613 1628700.9022463 1494816.95708757
52.2971327016037 2668965.58856153 1630780.29843237 1500254.1130061
52.3370605652745 2661480.59427999 1632835.72673372 1505683.67898629
52.376883939324 2654026.78729906 1634867.39498642 1511105.81771452
52.4166048411378 2646603.80251754 1636875.50716921 1516520.69031325
52.4562252597985 2639211.28020501 1638860.26346114 1521928.45633385
52.4957471565035 2631848.86594816 1640821.86029961 1527329.27375223
52.5351724649914 2624516.21059429 1642760.49043863 1532723.29896708
52.5745030919742 2617212.97019221 1644676.34300721 1538110.68680058
52.6137409175749 2609938.80593112 1646569.60356769 1543491.59050119
52.652887795768 2602693.38407748 1648440.45417397 1548866.16174856
52.6919455548233 2595476.37591047 1650289.07342943 1554234.5506601
52.7309159977509 2588287.45765604 1652115.63654466 1559596.9057993
52.7698009027465 2581126.31041989 1653920.31539465 1564953.37418546
52.8086020236372 2573992.62011962 1655703.2785756 1570304.10130478
52.8473210903255 2566886.07741618 1657464.69146117 1575649.23112265
52.8859598092328 2559806.37764488 1659204.71625812 1580988.90609701
52.9245198637394 2552753.22074596 1660923.51206136 1586323.26719268
52.9630029146226 2545726.31119512 1662621.23490831 1591652.45389658
53.0014106004916 2538725.35793387 1664298.03783251 1596976.60423362
53.0397445382182 2531750.07430006 1665954.07091658 1602295.85478336
53.0780063233638 2524800.17795847 1667589.48134428 1607610.34069725
53.1161975306024 2517875.39083176 1669204.41345192 1612920.19571632
53.1543197141383 2510975.43903176 1670799.00877886 1618225.55218938
53.1923744081196 2504100.05279119 1672373.40611725 1623526.54109156
53.230363127046 2497248.96639586 1673927.74156091 1628823.29204324
53.2682873661718 2490421.91811752 1675462.14855334 1634115.93332915
53.3061486019033 2483618.65014727 1676976.75793495 1639404.59191778
53.3439482921907 2476838.90852967 1678471.6979894 1644689.39348094
53.3816878769142 2470082.44309755 1679947.09448907 1649970.46241338
53.4193687782646 2463349.00740764 1681403.07073971 1655247.92185265
53.4569924011178 2456638.3586769 1682839.74762422 1660521.89369888
53.4945601334041 2449950.25771974 1684257.2436456 1665792.49863467
53.5320733464707 2443284.46888604 1685655.67496902 1671059.85614495
53.5695333954389 2436640.76000008 1687035.15546309 1676324.08453683
53.6069416195553 2430018.90230029 1688395.79674032 1681585.30095939
53.6442993425375 2423418.67037995 1689737.70819666 1686843.62142339
53.6816078729129 2416839.84212875 1691060.99705036 1692099.16082089
53.7188685043527 2410282.1986753 1692365.76837991 1697352.0329448
53.7560825159999 2403745.52433053 1693652.12516125 1702602.35050821
53.793251172791 2397229.60653206 1694920.16830421 1707850.22516373
53.8303757257726 2390734.23578942 1696169.9966881 1713095.76752249
53.8674574124121 2384259.20563024 1697401.70719661 1718339.08717316
53.9044974569029 2377804.31254741 1698615.39475195 1723580.29270064
53.9414970704641 2371369.35594707 1699811.15234824 1728819.49170469
53.9784574516345 2364954.13809757 1700989.07108415 1734056.79081828
54.015379786562 2358558.46407933 1702149.24019489 1739292.29572578
54.0522652492865 2352182.14173563 1703291.74708344 1744526.11118094
54.0891150020187 2345824.98162422 1704416.67735111 1749758.34102467
54.1259301954133 2339486.79696996 1705524.11482748 1754989.08820256
54.1627119688373 2333167.40361817 1706614.14159957 1760218.45478226
54.1994614506329 2326866.619989 1707686.83804044 1765446.54197056
54.2361797583764 2320584.26703257 1708742.28283715 1770673.45013028
54.2728679991314 2314320.168185 1709780.55301807 1775899.27879693
54.3095272696979 2308074.14932527 1710801.72397957 1781124.12669516
54.3461586568569 2301846.03873291 1711805.86951216 1786348.09175493
54.3827632376096 2295635.66704652 1712793.06182597 1791571.27112752
54.4193420794134 2289442.86722307 1713763.37157572 1796793.76120121
54.4558962404126 2283267.47449801 1714716.86788511 1802015.65761688
54.4924267696653 2277109.32634618 1715653.61837062 1807237.0552832
54.528934707366 2270968.26244344 1716573.68916483 1812458.04839172
54.5654210850644 2264844.1246291 1717477.14493918 1817678.73043172
54.6018869258794 2258736.75686908 1718364.04892618 1822899.19420475
54.6383332447105 2252646.00521981 1719234.46294119 1828119.531839
54.6747610484442 2246571.71779282 1720088.44740369 1833339.83480349
54.7111713361571 2240513.74472009 1720926.06135796 1838560.19392196
54.7475650993155 2234471.93812003 1721747.36249344 1843780.69938653
54.7839433219712 2228446.15206421 1722552.40716455 1849001.44077124
54.820306980954 2222436.24254468 1723341.25041005 1854222.50704527
54.8566570460604 2216442.06744205 1724113.94597196 1859443.98658599
54.8929944802394 2210463.48649412 1724870.54631409 1864665.96719179
54.9293202397751 2204500.36126517 1725611.10264014 1869888.5360947
54.9656352744654 2198552.55511592 1726335.66491129 1875111.77997279
55.0019405277982 2192619.93317407 1727044.28186354 1880335.78496239
55.0382369371246 2186702.36230537 1727737.00102456 1885560.63667008
55.0745254338289 2180799.7110854 1728413.86873013 1890786.42018447
55.1108069434956 2174911.84977186 1729074.93014031 1896013.22008783
55.1470823860736 2169038.65027738 1729720.22925514 1901241.12046747
55.1833526760382 2163179.98614301 1730349.80893004 1906470.20492695
55.2196187225494 2157335.7325121 1730963.71089082 1911700.55659708
55.2558814296086 2151505.76610483 1731561.97574838 1916932.25814679
55.2921416962115 2145689.96519324 1732144.64301304 1922165.39179371
55.3284004165003 2139888.20957671 1732711.7511086 1927400.03931469
55.3646584799112 2134100.38055799 1733263.33738599 1932636.28205602
55.4009167713216 2128326.36091976 1733799.43813672 1937874.20094353
55.4371761711933 2122566.03490157 1734320.08860589 1943113.87649254
55.4734375557147 2116819.28817736 1734825.32300506 1948355.38881758
55.50970179694 2111086.00783338 1735315.17452465 1953598.81764197
55.5459697629264 2105366.08234655 1735789.67534625 1958844.24230719
55.5822423178695 2099659.40156337 1736248.85665447 1964091.74178216
55.6185203222358 2093965.85667909 1736692.74864864 1969341.39467227
55.6548046328946 2088285.34021752 1737121.38055417 1974593.27922831
55.6910961032465 2082617.74601107 1737534.78063374 1979847.47335519
55.7273955833506 2076962.96918131 1737932.97619814 1985104.05462055
55.7637039200501 2071320.90611993 1738315.99361691 1990363.10026316
55.8000219570956 2065691.45447003 1738683.85832875 1995624.68720122
55.8363505352668 2060074.51310787 1739036.59485165 2000888.89204048
55.8726904924926 2054469.98212499 1739374.22679286 2006155.79108215
55.909042663969 2048877.76281063 1739696.77685854 2011425.46033083
55.9454078822764 2043297.75763461 1740004.26686332 2016697.97550207
55.9817869774937 2037729.87023055 1740296.71773949 2021973.41202996
56.0181807773127 2032174.00537938 1740574.1495461 2027251.84507452
56.0545901071492 2026630.06899325 1740836.58147785 2032533.3495289
56.0910157902539 2021097.96809982 1741084.03187368 2037818.0000265
56.127458647821 2015577.61082677 1741316.51822529 2043105.87094793
56.1639194990959 2010068.90638673 1741534.05718541 2048397.03642786
56.2003991614814 2004571.76506249 1741736.66457586 2053691.57036165
56.2368984506423 1999086.09819256 1741924.3553955 2058989.54641194
56.2734181806089 1993611.81815699 1742097.14382795 2064291.03801506
56.3099591638789 1988148.83836354 1742255.04324914 2069596.11838732
56.3465222115189 1982697.0732341 1742398.06623475 2074904.86053115
56.3831081332632 1977256.43819147 1742526.2245674 2080217.33724113
56.419717737613 1971826.84964636 1742639.52924375 2085533.62110989
56.4563518319333 1966408.22498471 1742737.99048143 2090853.78453386
56.4930112225489 1961000.48255528 1742821.6177258 2096177.89971891
56.5296967148396 1955603.54165753 1742890.41965659 2101506.03868588
56.5664091133341 1950217.32252971 1742944.40419436 2106838.27327594
56.6031492218027 1944841.7463373 1742983.57850686 2112174.67515585
56.6399178433491 1939476.73516164 1743007.94901525 2117515.31582311
56.6767157805012 1934122.21198885 1743017.52140018 2122860.26661097
56.7135438353008 1928778.100699 1743012.3006077 2128209.5986933
56.7504028093924 1923444.32605549 1742992.29085517 2133563.38308935
56.7872935041108 1918120.81369473 1742957.49563687 2138921.69066841
56.8242167205682 1912807.49011602 1742907.91772967 2144284.59215431
56.8611732597401 1907504.28267169 1742843.55919847 2149652.15812984
56.8981639225504 1902211.11955743 1742764.42140159 2155024.45904098
56.9351895099551 1896927.9298029 1742670.50499601 2160401.56520109
56.9722508230262 1891654.64326255 1742561.80994254 2165783.54679491
57.0093486630338 1886391.19060663 1742438.33551088 2171170.47388249
57.0464838315277 1881137.50331246 1742300.08028459 2176562.41640294
57.0836571304181 1875893.51365589 1742147.04216596 2181959.44417815
57.1208693620558 1870659.15470299 1741979.21838078 2187361.62691624
57.1581213293114 1865434.36030192 1741796.60548303 2192769.03421506
57.1954138356532 1860219.06507506 1741599.19935951 2198181.73556544
57.2327476852255 1855013.20441128 1741386.99523437 2203599.80035435
57.2701236829248 1849816.71445847 1741159.98767357 2209023.29786796
57.3075426344765 1844629.5321162 1740918.17058922 2214452.29729457
57.3450053465099 1839451.59502868 1740661.53724395 2219886.86772738
57.3825126266332 1834282.84157777 1740390.08025511 2225327.07816713
57.420065283507 1829123.21087634 1740103.79159896 2230772.9975247
57.4576641269178 1823972.6427617 1739802.66261482 2236224.69462348
57.4953099678506 1818831.07778927 1739486.68400907 2241682.23820166
57.5330036185603 1813698.45722642 1739155.84585922 2247145.69691436
57.5707458926436 1808574.7230465 1738810.13761782 2252615.13933568
57.6085376051086 1803459.81792304 1738449.54811639 2258090.63396057
57.6463795724451 1798353.68522417 1738074.06556925 2263572.24920658
57.6842726126934 1793256.26900713 1737683.6775774 2269060.05341547
57.7222175455131 1788167.51401308 1737278.37113223 2274554.11485469
57.7602151922502 1783087.36566194 1736858.13261932 2280054.50171875
57.7982663760048 1778015.77004753 1736422.94782211 2285561.28213036
57.8363719216971 1772952.67393283 1735972.80192561 2291074.52414156
57.8745326561333 1767898.02474537 1735507.67952006 2296594.29573457
57.9127494080705 1762851.77057286 1735027.56460453 2302120.66482261
57.951023008281 1757813.86015893 1734532.44059059 2307653.69925049
57.9893542896164 1752784.24289907 1734022.29030585 2313193.46679508
58.0277440870701 1747762.86883674 1733497.09599758 2318740.03516568
58.0661932378399 1742749.68865959 1732956.83933629 2324293.47200412
58.1047025813895 1737744.6536959 1732401.50141928 2329853.84488482
58.1432729595095 1732747.71591117 1731831.06277422 2335421.22131461
58.1819052163778 1727758.82790482 1731245.50336271 2340995.66873247
58.2206001986186 1722777.94290713 1730644.80258388 2346577.25450899
58.2593587553619 1717805.01477627 1730028.93927793 2352166.0459458
58.2981817383009 1712839.99799553 1729397.89172975 2357762.11027472
58.3370700017498 1707882.84767066 1728751.63767254 2363365.5146568
58.3760244027002 1702933.51952744 1728090.15429138 2368976.32618118
58.415045800877 1697991.96990933 1727413.41822696 2374594.61186371
58.4541350587934 1693058.15577531 1726721.40557918 2380220.43864551
58.4932930418049 1688132.03469787 1726014.09191091 2385853.87339123
58.5325206181636 1683213.56486115 1725291.45225169 2391494.98288716
58.5718186590697 1678302.70505924 1724553.46110156 2397143.8338392
58.6111880387244 1673399.41469463 1723800.09243481 2402800.49287056
58.6506296343801 1668503.65377677 1723031.31970392 2408465.02651931
58.6901443263908 1663615.3829209 1722247.1158434 2414137.50123571
58.7297329982616 1658734.56334684 1721447.45327384 2419817.98337933
58.7693965366964 1653861.15687814 1720632.30390587 2425506.53921599
58.8091358316456 1648995.12594123 1719801.63914432 2431203.23491445
58.8489517763529 1644136.43356477 1718955.42989231 2436908.13654293
58.8888452674 1639285.04337915 1718093.64655553 2442621.31006532
58.9288172047516 1634440.91961617 1717216.25904655 2448342.82133729
58.9688684917988 1629604.02710878 1716323.23678917 2454072.73610205
59.0090000354011 1624774.33129109 1715414.54872295 2459811.11998596
59.0492127459283 1619951.79819841 1714490.16330773 2465558.03849386
59.0895075373001 1615136.39446751 1713550.04852832 2471313.55700418
59.1298853270256 1610328.08733702 1712594.17189925 2477077.74076373
59.1703470362412 1605526.84464796 1711622.50046966 2482850.65488239
59.2108935897467 1600732.63484443 1710635.00082823 2488632.36432734
59.2515259160415 1595945.42697442 1709631.63910835 2494422.93391723
59.2922449473586 1591165.19069084 1708612.38099325 2500222.42831591
59.333051619697 1586391.89625259 1707577.19172143 2506030.91202598
59.3739468728539 1581625.51452588 1706526.03609207 2511848.44938205
59.4149316504545 1576866.0169856 1705458.87847067 2517675.10454373
59.4560068999808 1572113.37571695 1704375.68279482 2523510.94148823
59.497173572799 1567367.56341713 1703276.41258007 2529356.0240028
59.538432624185 1562628.55339716 1702161.03092603 2535210.41567681
59.579785013349 1557896.31958396 1701029.50052256 2541074.17989348
59.6212317034579 1553170.83652245 1699881.7836562 2546947.37982136
59.6627736616564 1548452.07937784 1698717.84221669 2552830.07840547
59.7044118590861 1543740.02393815 1697537.63770374 2558722.33835811
59.7461472709035 1539034.6466167 1696341.13123397 2564624.22214933
59.7879808762954 1534335.92445492 1695128.283548 2570535.79199708
59.829913658493 1529643.83512519 1693899.05501779 2576457.10985702
59.8719466047842 1524958.35693386 1692653.40565418 2582388.23741196
59.9140807065231 1520279.46882444 1691391.29511462 2588329.23606094
59.9563169591391 1515607.15038091 1690112.68271112 2594280.16690798
59.998656362142 1510941.38183112 1688817.52741845 2600241.09075043
60.0410999191265 1506282.14405047 1687505.78788258 2606212.06806695
60.0836486377739 1501629.41856555 1686177.4224293 2612193.15900515
60.1263035298518 1496983.18755809 1684832.38907317 2618184.42336874
60.1690656112108 1492343.43386894 1683470.64552667 2624185.92060439
60.2119359017802 1487710.14100221 1682092.14920963 2630197.70978816
60.2549154255598 1483083.2931296 1680696.85725894 2636219.84961145
60.2980052106103 1478462.87509481 1679284.72653852 2642252.39836667
60.3412062890404 1473848.87241808 1677855.71364959 2648295.41393233
60.3845196969921 1469241.27130092 1676409.77494123 2654348.95375785
60.4279464746221 1464640.05863092 1674946.86652125 2660413.07484783
60.4714876660819 1460045.22198673 1673466.94426735 2666487.83374592
60.5151443194938 1455456.74964312 1671969.96383862 2672573.28651826
60.5589174869245 1450874.63057625 1670455.88068733 2678669.48873642
60.6028082243561 1446298.85446895 1668924.65007113 2684776.49545992
60.6468175916532 1441729.41171625 1667376.22706549 2690894.36121826
60.6909466525277 1437166.29343093 1665810.56657658 2697023.13999249
60.7351964744996 1432609.49144924 1664227.62335446 2703162.88519631
60.7795681288554 1428058.99833674 1662627.35200662 2709313.64965663
60.8240626906022 1423514.80739425 1661009.70701198 2715475.48559376
60.8686812384191 1418976.91266387 1659374.64273518 2721648.44460095
60.9134248546046 1414445.30893515 1657722.1134413 2727832.57762354
60.9582946250207 1409919.9917514 1656052.073311 2734027.9349376
61.0032916390332 1405400.95741601 1654364.47645601 2740234.56612797
61.0484169894481 1400888.20299894 1652659.27693515 2746452.52006591
61.0936717724444 1396381.72634327 1650936.4287706 2752681.84488613
61.1390570875027 1391881.52607187 1649195.88596478 2758922.58796334
61.1845740373301 1387387.60159413 1647437.60251759 2765174.79588827
61.2302237277809 1382899.95311278 1645661.53244405 2771438.51444317
61.2760072677729 1378418.58163076 1643867.62979251 2777713.78857673
61.3219257691997 1373943.48895826 1642055.84866322 2784000.66237852
61.3679803468388 1369474.67771966 1640226.14322746 2790299.17905288
61.4141721182548 1365012.15136069 1638378.46774707 2796609.38089224
61.4605022036988 1360555.91415557 1636512.77659454 2802931.30924989
61.5069717260024 1356105.97121417 1634629.02427352 2809265.00451231
61.5535818104682 1351662.32848929 1632727.1654399 2815610.50607081
61.6003335847541 1347224.99278392 1630807.15492337 2821967.85229272
61.6472281787546 1342793.97175851 1628868.94774945 2828337.08049203
61.6942667244754 1338369.27393835 1626912.49916216 2834718.2268995
61.7414503559048 1333950.90872083 1624937.76464704 2841111.32663214
61.7887802088786 1329538.88638282 1622944.69995488 2847516.4136623
61.8362574209415 1325133.21808801 1620933.26112588 2853933.52078611
61.8838831312017 1320733.91589418 1618903.40451435 2860362.67959147
61.9316584801819 1316340.99276052 1616855.08681401 2866803.92042546
61.9795846096642 1311954.4625549 1614788.26508384 2873257.27236126
62.0276626625299 1307574.34006104 1612702.89677438 2879722.76316458
62.0758937825943 1303200.64098571 1610598.93975471 2886200.41925957
62.1242791144356 1298833.38196581 1608476.35233996 2892690.26569422
62.1728198032191 1294472.58057539 1606335.0933193 2899192.3261053
62.2215169945155 1290118.25533256 1604175.12198459 2905706.62268285
62.2703718341139 1285770.42570634 1601996.39815952 2912233.17613414
62.3193854678295 1281429.11212336 1599798.88222937 2918772.00564727
62.3685590413056 1277094.33597445 1597582.5351713 2925323.12885425
62.4178936998103 1272766.11962106 1595347.31858518 2931886.56179375
62.4673905880278 1268444.4864016 1593093.19472501 2938462.31887339
62.5170508498442 1264129.46063751 1590820.12653087 2945050.41283162
62.5668756281274 1259821.0676392 1588528.07766144 2951650.85469935
62.6168660645023 1255519.33371182 1586217.01252707 2958263.65376111
62.6670232991204 1251224.28616074 1583886.89632331 2964888.81751595
62.7173484704237 1246935.95329684 1581537.6950651 2971526.35163805
62.7678427149037 1242654.36444157 1579169.3756214 2978176.25993703
62.8185071668549 1238379.54993168 1576781.90575032 2984838.544318
62.8693429581235 1234111.54112376 1574375.2541348 2991513.20474144
62.9203512178506 1229850.37039836 1571949.3904188 2998200.23918285
62.9715330722104 1225596.0711639 1569504.28524387 3004899.64359223
63.0228896441443 1221348.6778602 1567039.91028633 3011611.41185347
63.074422053089 1217108.22596157 1564556.23829478 3018335.53574364
63.1261314147009 1212874.75197971 1562053.24312812 3025072.00489217
63.1780188405758 1208648.293466 1559530.89979392 3031820.80674008
63.2300854379637 1204428.88901352 1556989.1844873 3038581.92649919
63.2823323094802 1200216.57825858 1554428.07463005 3045355.34711137
63.3347605528133 1196011.40188179 1551847.54891025 3052141.04920796
63.3873712604269 1191813.40160864 1549247.58732209 3058939.01106927
63.4401655192599 1187622.62020961 1546628.17120611 3065749.20858429
63.493144410423 1183439.10149971 1543989.28328965 3072571.61521064
63.5463090088912 1179262.89033756 1541330.90772761 3079406.20193483
63.5996603831943 1175094.03262378 1538653.03014341 3086252.93723281
63.6531995951044 1170932.57529891 1535955.63767012 3093111.78703097
63.7069276993207 1166778.56634064 1533238.71899183 3099982.71466753
63.7608457431533 1162632.05476047 1530502.26438506 3106865.68085447
63.8149547662037 1158493.09059966 1527746.26576034 3113760.64364
63.8692558000458 1154361.72492454 1524970.71670381 3120667.55837165
63.9237498679038 1150238.00982113 1522175.61251884 3127586.37766003
63.9784379843311 1146121.99838901 1519360.95026765 3134517.05134335
64.0333211548879 1142013.74473447 1516526.72881282 3141459.52645271
64.0884003758193 1137913.30396294 1513672.94885877 3148413.74717829
64.1436766337336 1133820.73217055 1510799.61299302 3155379.65483643
64.1991509052818 1129736.08643501 1507906.72572725 3162357.18783774
64.2548241568382 1125659.42480553 1504994.29353822 3169346.28165626
64.3106973441831 1121590.80629205 1502062.32490821 3176346.86879974
64.3667714121873 1117530.29085353 1499110.83036531 3183358.87878116
64.4230472944999 1113477.93938537 1496139.82252317 3190382.23809146
64.4795259132389 1109433.81370597 1493149.31612035 3197416.87017368
64.536208178686 1105397.97654238 1490139.3280592 3204462.69539842
64.5930949889854 1101370.49151502 1487109.87744409 3211519.63104089
64.6501872298473 1097351.42312148 1484060.9856191 3218587.59125942
64.7074857742573 1093340.83671937 1480992.676205 3225666.48707562
64.7649914821913 1089338.79850823 1477904.9751355 3232756.22635627
64.8227052003369 1085345.37551044 1474797.91069266 3239856.7137969
64.8806277618221 1081360.63555119 1471671.51354156 3246967.85090726
64.9387599859514 1077384.64723744 1468525.8167639 3254089.53599866
64.9971026779508 1073417.47993594 1465360.85589078 3261221.66417328
65.0556566287205 1069459.2037502 1462176.66893427 3268364.12731553
65.1144226145981 1065509.88949648 1458973.29641804 3275516.81408548
65.1734013971312 1061569.60867885 1455750.78140672 3282679.60991442
65.2325937228612 1057638.43346314 1452509.16953409 3289852.39700277
65.2920003231174 1053716.43665 1449248.50902991 3297035.05432008
65.3516219138243 1049803.69164692 1445968.85074554 3304227.45760754
65.41145919532 1045900.27243928 1442670.24817796 3311429.47938275
65.4715128521887 1042006.25356044 1439352.75749251 3318640.98894705
65.5317835531058 1038121.71006083 1436016.43754398 3325861.85239519
65.5922719506982 1034246.71747617 1432661.34989613 3333091.9326277
65.6529786814186 1030381.35179465 1429287.55883961 3340331.08936574
65.7139043654354 1026525.68942328 1425895.13140817 3347579.17916855
65.7750496065385 1022679.80715329 1422484.13739308 3354836.05545363
65.8364149920616 1018843.78212469 1419054.64935577 3362101.56851954
65.8980010928208 1015017.69178994 1415606.74263864 3369375.56557141
65.9598084630711 1011201.61387683 1412140.49537394 3376657.89074923
66.0218376404808 1007395.62635051 1408655.98849067 3383948.38515882
66.0840891461237 1003599.80737481 1405153.30571961 3391246.88690558
66.1465634844905 999814.235272797 1401632.53359614 3398553.23113106
66.2092611435189 996038.988486606 1398093.76146118 3405867.25005221
66.2721825946438 992274.145536655 1394537.08145987 3413188.77300347
66.335328292866 988519.784980197 1390962.58853822 3420517.62648158
66.398698676843 984775.985369303 1387370.38043757 3427853.63419312
66.462294168998 981042.825208306 1383760.55768684 3435196.61710486
66.5261151756516 977320.38291074 1380133.22359257 3442546.39349668
66.5901620871724 973608.736755845 1376488.48422684 3449902.77901731
66.6544352781504 969907.964844654 1372826.4484128 3457265.58674255
66.7189351075901 966218.145055753 1369147.22770804 3464634.62723621
66.7836619191258 962539.355000722 1365450.93638573 3472009.70861354
66.8486160412575 958871.671979355 1361737.69141348 3479390.63660717
66.9137977876088 955215.172934674 1358007.61242991 3486777.21463541
66.9792074572055 951569.934407829 1354260.82171908 3494169.24387309
67.0448453347754 947936.03249291 1350497.4441826 3501566.52332449
67.1107116910699 944313.542791756 1346717.60730959 3508968.84989865
67.1768067832056 940702.540368801 1342921.44114443 3516376.01848677
67.2431308550275 937103.099706032 1339109.07825233 3523787.82204163
67.3096841374918 933515.294658109 1335280.65368282 3531204.05165907
67.3764668490699 929939.198407713 1331436.30493108 3538624.49666121
67.443479196172 926374.883421184 1327576.17189724 3546048.94468158
67.5107213735894 922822.421404511 1323700.39684368 3553477.18175181
67.5781935649574 919281.883259728 1319809.12435032 3560908.99238996
67.6458959432361 915753.33904179 1315902.50126803 3568344.15969018
67.713828671209 912236.857915981 1311980.67667016 3575782.46541386
67.7819919020005 908732.508115914 1308043.80180226 3583223.69008182
67.8503857796094 905240.356902187 1304092.03003007 3590667.61306774
67.9190104394599 901760.470521749 1300125.51678585 3598114.0126924
67.9878660089679 898292.914168039 1296144.41951304 3605562.66631892
68.0569526081229 894837.751941948 1292148.89760951 3613013.35044854
68.1262703500846 891395.046813661 1288139.11236922 3620465.84081712
68.1958193417932 887964.860585435 1284115.2269226 3627919.91249197
68.265599684593 884547.253855361 1280077.4061756 3635375.33996904
68.3356114748685 881142.285982158 1276025.81674753 3642831.89727031
68.405854804692 877750.015051054 1271960.62690779 3650289.35804116
68.4763297624822 874370.497840791 1267882.00651152 3657747.49564769
68.5470364336731 871003.7897918 1263790.12693438 3665206.08327381
68.617974901391 867649.944975592 1259685.16100644 3672664.89401797
68.6891452471417 864309.01606539 1255567.28294525 3680123.70098936
68.7605475515036 860981.054308058 1251436.66828835 3687582.27740359
68.8321818948281 857666.109497338 1247293.49382513 3695040.39667753
68.9040483579464 854364.229948441 1243137.93752824 3702497.83252331
68.9761470228802 851075.462474012 1238970.17848461 3709954.35904137
69.0484779735573 847799.852361497 1234790.39682617 3717409.75081234
69.1210412965302 844537.443351935 1230598.77366037 3724863.7829877
69.1938370816969 841288.277620181 1226395.49100066 3732316.23137915
69.2668654230239 838052.395756602 1222180.73169689 3739766.87254651
69.3401264192693 834829.836750229 1217954.67936579 3747215.48388398
69.413620174706 831620.637973396 1213717.51832168 3754661.84370492
69.4873467998444 828424.835167863 1209469.43350742 3762105.73132471
69.5613064121529 825242.46243243 1205210.6104257 3769546.92714187
69.6354991367766 822073.552212045 1200941.23507073 3776985.21271722
69.7099251072521 818918.1352884 1196661.49386057 3784420.37085103
69.7845844662193 815776.240772011 1192371.57356989 3791852.1856581
69.8594773661277 812647.896095774 1188071.66126356 3799280.44264066
69.9346039699385 809533.127009999 1183761.9442309 3806704.9287591
70.0099644518197 806431.957578886 1179442.6099208 3814125.43250031
70.0855589978357 803344.410178445 1175113.84587771 3821541.74394384
70.1613878066295 800270.505495842 1170775.83967865 3828953.65482551
70.2374510900966 797210.262530142 1166428.77887113 3836360.95859872
70.313749074052 794163.698594431 1162072.85091232 3843763.45049324
70.3902819988879 791130.829319295 1157708.24310923 3851160.92757147
70.4670501202219 788111.668657623 1153335.14256016 3858553.18878221
70.5440537095366 785106.228890719 1148953.73609738 3865940.0350119
70.6212930548088 782114.520635666 1144564.21023109 3873321.26913324
70.6987684611285 779136.552853947 1140166.7510948 3880696.69605125
70.7764802513074 776172.332861252 1135761.54439196 3888066.12274679
70.8544287664767 773221.866338465 1131348.77534415 3895429.35831739
70.9326143666737 770285.157343779 1126928.62864059 3902786.21401563
71.0110374314171 767362.208325901 1122501.28838926 3910136.50328484
71.0896983602707 764453.020138322 1118066.9380694 3917480.04179227
71.1685975733961 761557.592054593 1113625.76048565 3924816.64745975
71.2477355120926 758675.921784589 1109177.93772366 3932146.14049175
71.3271126393265 755808.005491692 1104723.6511073 3939468.34340101
71.4067294402477 752953.837810883 1100263.08115747 3946783.08103164
71.4865864226949 750113.411867676 1095796.40755245 3954090.18057987
71.5666841176885 747286.719297862 1091323.80908986 3961389.47161227
71.6470230799121 744473.750268023 1086845.46365026 3968680.78608172
71.7276038881822 741674.493496762 1082361.54816227 3975963.95834097
71.8084271459062 738888.936276624 1077872.23856937 3983238.825154
71.8894934815285 736117.064496646 1073377.70979825 3990505.2257051
71.970803548966 733358.862665508 1068878.13572875 3997763.00160574
72.0523580280321 730614.313935237 1064373.68916535 4005011.99689941
72.134157624849 727883.400125419 1059864.5418103 4012252.05806428
72.2162030722507 725166.101747889 1055350.86423823 4019483.03401388
72.2984951301737 722462.398031846 1050832.8258723 4026704.77609585
72.3810345860393 719772.266949357 1046310.59496192 4033917.13808872
72.4638222551242 717095.685241212 1041784.33856188 4041119.9761969
72.5468589809225 714432.6284431 1037254.22251307 4048313.14904382
72.6301456354979 711783.07091204 1032720.41142451 4055496.51766345
72.713683119827 709146.985853069 1028183.06865692 4062669.94549001
72.7974723641337 706524.345346114 1023642.35630765 4069833.29834623
72.8815143282154 703915.120373045 1019098.43519696 4076986.44442999
72.9658100017611 701319.280844846 1014551.46485569 4084129.25429946
73.050360404662 698736.79562889 1010001.60351418 4091261.60085693
73.1351665873145 696167.632576284 1005449.00809256 4098383.35933116
73.2202296309173 693611.758549242 1000893.8341922 4105494.40725855
73.3055506477606 691069.139448467 996336.236088475 4112594.62446305
73.3911307815107 688539.74024051 991776.366724601 4119683.89303489
73.4769712074882 686023.524985075 987214.377706746 4126762.09730818
73.563073132941 683520.456862248 982650.419300182 4133829.12383757
73.6494377973129 681030.498199625 978084.640426557 4140884.86137381
73.7360664725078 678553.610499308 973517.188662207 4147929.20083848
73.8229604631497 676089.75446475 968948.210237497 4154962.03529775
73.9101211068393 673638.890027436 964377.85003714 4161983.25993542
73.997549774408 671200.976373359 959806.251601467 4168992.77202517
74.0852478701687 668775.97196929 955233.557128613 4175990.47090209
74.1732168321649 666363.834588814 950659.90747759 4182976.25793359
74.2614581324175 663964.52133812 946085.442172198 4189950.03648968
74.3499732771714 661577.988681517 941510.299405762 4196911.71191272
74.4387638071397 659204.192466677 936934.616046642 4203861.19148668
74.527831297749 656843.087949581 932358.527644492 4210798.38440592
74.6171773593834 654494.62981915 927782.16843724 4217723.20174361
74.7068036376303 652158.772221565 923205.671358748 4224635.55641968
74.7967118135255 649835.468784243 918629.168047123 4231535.36316863
74.886903603801 647524.67263948 914052.788853649 4238422.53850687
74.9773807611336 645226.336447733 909476.662852316 4245297.00069995
75.0681450743963 642940.412420551 904900.917849901 4252158.66972954
75.1591983689115 640666.852343123 900325.680396587 4259007.46726029
75.2505425067079 638405.607596465 895751.07579708 4265843.31660645
75.34217938678 636156.629179212 891177.228122205 4272666.14269858
75.4341109453526 633919.867729033 886604.260220947 4279475.87205002
75.5263391561479 631695.273543646 882032.293732914 4286272.43272344
75.6188660306585 629482.796601446 877461.449101197 4293055.75429735
75.7116936184244 627282.38658172 872891.845585595 4299825.76783268
75.8048240073167 625093.992884475 868323.601276191 4306582.40583933
75.8982593238252 622917.564649858 863756.833107246 4313325.60224289
75.9920017333541 620753.050777161 859191.656871395 4320055.29235144
76.0860534405226 618600.399943439 854628.187234118 4326771.41282244
76.1804166894739 616459.560621702 850066.537748465 4333473.90162983
76.2750937641902 614330.48109872 845506.820870015 4340162.69803126
76.3700869888161 612213.109492409 840949.147972056 4346837.74253553
76.4653987279905 610107.393768822 836393.629360949 4353498.97687022
76.5610313871857 608013.281758735 831840.374291679 4360146.34394958
76.6569874130564 605930.721173833 827289.490983554 4366779.78784261
76.7532692937977 603859.659622502 822741.086636057 4373399.25374144
76.8498795595122 601800.04462522 818195.267444811 4380004.68792996
76.9468207825879 599751.823629567 813652.138617663 4386596.03775277
77.0440955780853 597714.944024839 809111.804390854 4393173.2515843
77.1417066041363 595689.35315628 804574.368045271 4399736.27879844
77.2396565623537 593674.998338939 800039.93192277 4406285.06973829
77.3379481982521 591671.826871144 795508.597442541 4412819.57568631
77.4365843016803 589679.786047612 790980.465117518 4419339.74883487
77.5355677072673 587698.82317219 786455.634570821 4425845.54225698
77.634901294879 585728.885570234 781934.204552206 4432336.90987755
77.7345879900894 583769.920600636 777416.272954525 4438813.80644483
77.8346307646642 581821.875667494 772901.936830182 4445276.18750232
77.935032637059 579884.698231443 768391.292407573 4451724.00936098
78.0357966729308 577958.335820645 763884.435107501 4458157.22907185
78.1369259856649 576042.736041443 759381.459559562 4464575.80439899
78.2384237369159 574137.846588685 754882.459618491 4470979.69379282
78.3402931371651 572243.615255735 750387.528380454 4477368.85636381
78.4425374462926 570359.989944157 745896.758199295 4483743.25185654
78.5451599741664 568486.918673095 741410.24070271 4490102.84062419
78.648164081248 566624.349588344 736928.066808362 4496447.58360329
78.7515531792149 564772.230971133 732450.326739918 4502777.44228894
78.8553307316006 562930.511246599 727977.110043008 4509092.37871039
78.9595002544529 561099.138991996 723508.505601097 4515392.3554069
79.0640653170104 559278.062944602 719044.601651274 4521677.33540412
79.169029542398 557467.232009372 714585.485799943 4527947.28219068
79.2743966083415 555666.595266313 710131.245038416 4534202.15969526
79.3801702479031 553876.101977598 705681.965758414 4540441.93226398
79.4863542502358 552095.701594429 701237.733767451 4546666.56463811
79.5929524613599 550325.343763645 696798.634304127 4552876.02193222
79.6999687849605 548564.978334097 692364.752053298 4559070.2696126
79.8074071832072 546814.555362774 687936.171161143 4565249.27347608
79.9152716775959 545074.025120704 683512.975250115 4571412.99962918
80.0235663498143 543343.338098632 679095.24743378 4577561.41446758
80.1322953426307 541622.445012474 674683.070331532 4583694.48465599
80.2414628608073 539911.296808556 670276.526083202 4589812.17710824
80.3510731720385 538209.844668657 665875.696363538 4595914.4589678
80.4611306079143 536518.040014833 661480.662396568 4602001.29758859
80.5716395649108 534835.834514057 657091.504969853 4608072.66051608
80.6826045054067 533163.180082663 652708.304448605 4614128.51546873
80.7940299587282 531500.028890605 648331.140789694 4620168.83031969
80.9059205222214 529846.333365539 643960.093555537 4626193.57307892
81.0182808623546 528202.046196723 639595.241927859 4632202.71187541
81.1311157158497 526567.120338755 635236.664721346 4638196.21493989
81.2444298908448 524941.509015144 630884.440397165 4644174.05058768
81.358228268088 523325.165721718 626538.647076385 4650136.18720189
81.4725158021631 521718.044229885 622199.362553262 4656082.59321685
81.5872975227493 520120.098589738 617866.664308426 4662013.23710183
81.7025785359141 518531.283133018 613540.629521939 4667928.08734504
81.8183640254413 516951.552475936 609221.335086251 4673827.11243781
81.9346592541955 515380.861521866 604908.857619041 4679710.28085909
82.051469565523 513819.165463894 600603.273475947 4685577.56106015
82.1688003846903 512266.419787257 596304.658763187 4691428.92144955
82.2866572203624 510722.580271647 592013.089350083 4697264.33037826
82.4050456661209 509187.602993408 587728.640881467 4703083.75612512
82.5239714020223 507661.444327608 583451.388790001 4708887.16688239
82.6434401962006 506144.060950017 579181.408308382 4714674.5307416
82.7634579065115 504635.409838966 574918.774481462 4720445.81567957
82.884030482223 503135.448277117 570663.562178267 4726200.98954461
83.0051639657511 501644.133853122 566415.846103922 4731940.02004295
83.1268644944433 500161.424463209 562175.700811494 4737662.87472529
83.2491383024112 498687.278312655 557943.200713741 4743369.5209736
83.3719917224133 497221.653917195 553718.420094776 4749059.92598802
83.4954311877893 495764.510104335 549501.433121654 4754734.05677401
83.6194632344481 494315.806014591 545292.31385588 4760391.88012952
83.7440945029108 492875.501102654 541091.136264834 4766033.36263251
83.8693317404101 491443.555138485 536897.974233135 4771658.47062837
83.995181803048 490019.928208336 532712.901573924 4777267.17021774
84.1216516580145 488604.580715709 528535.992040085 4782859.4272442
84.2487483858669 487197.473382259 524367.319335406 4788435.20728233
84.3764791828742 485798.567248627 520206.957125676 4793994.47562569
84.5048513634272 484407.82367523 516054.979049724 4799537.19727504
84.6338723625164 483025.204342986 511911.45873041 4805063.3369266
84.7635497382801 481650.671254002 507776.469785561 4810572.85896043
84.8938911746254 480284.186732203 503650.085838861 4816065.72742893
85.0249044839235 478925.71342393 499532.380530706 4821541.90604536
85.1565976097826 477575.214298485 495423.427529006 4827001.3581725
85.2889786298999 476232.652648646 491323.300539966 4832444.04681138
85.4220557589967 474897.992091143 487232.073318828 4837869.93459002
85.5558373518382 473571.196567103 483149.819680582 4843278.98375231
85.6903319063413 472252.230342462 479076.613510664 4848671.15614687
85.8255480667726 470941.058008349 475012.528775623 4854046.41321602
85.9614946270417 469637.644481452 470957.639533777 4859404.71598476
86.0981805340901 468341.95500435 466912.019945861 4864746.02504978
86.2356148913813 467053.955145832 462875.74428566 4870070.3005685
86.3738069624945 465773.610801197 458848.886950643 4875377.50224815
86.5127661748262 464500.888192538 454831.5224726 4880667.58933485
86.6525021234019 463235.753869011 450823.725528276 4885940.52060271
86.7930245748041 461978.174707092 446825.570950028 4891196.25434287
86.9343434712184 460728.117910832 442837.133736482 4896434.74835268
87.076468934604 459485.551012097 438858.48906322 4901655.95992468
87.2194112709908 458250.441870808 434889.712293488 4906859.8458357
87.3631809749096 457022.758675181 430930.878988924 4912046.36233589
87.5077887339596 455802.469941957 426982.064920337 4917215.4651377
87.6532454335172 454589.544516649 423043.346078506 4922367.10940484
87.7995621615927 453383.951573779 419114.798685032 4927501.24974118
87.9467502138404 452185.66061713 415196.499203241 4932617.84017962
88.0948210987254 450994.641480005 411288.524349133 4937716.83417086
88.2437865428569 449810.864325489 407390.951102394 4942798.18457211
88.3936584964902 448634.299646739 403503.856717479 4947861.84363577
88.5444491392075 447464.918267271 399627.318734752 4952907.76299797
88.6961708857806 446302.691341272 395761.414991715 4957935.89366701
88.8488363922262 445147.590353937 391906.223634315 4962946.18601174
89.0024585620581 443999.587121812 388061.823128335 4967938.58974985
89.1570505527463 442858.653793171 384228.292270884 4972913.05393594
89.3126257823893 441724.762848413 380405.710201988 4977869.52694959
89.4691979366097 440597.887100491 376594.156416286 4982807.95648322
89.6267809756801 439477.999695357 372793.710774841 4987728.28952979
89.7853891418902 438365.074112457 369004.45351707 4992630.47237047
89.9450369671642 437259.084165242 365226.465272804 4997514.45056195
90.1057392809379 436160.004001722 361459.827074486 5002380.16892379
90.2675112183073 435067.808105059 357704.6203695 5007227.57152544
90.4303682284591 433982.471294193 353960.927032663 5012056.60167314
90.5943260833953 432903.968724517 350228.82937887 5016867.20189661
90.759400886963 431832.275888589 346508.410175901 5021659.3139355
90.9256090842041 430767.368616893 342799.752657405 5026432.87872569
91.0929674710366 429709.223078653 339102.940536072 5031187.83638527
91.2614932042828 428657.815782686 335418.058016987 5035924.12620032
91.4312038120584 427613.123578321 331745.189811193 5040641.68661048
91.6021172045389 426575.123656367 328084.421149458 5045340.45519417
91.7742516851193 425543.793550137 324435.837796265 5050020.36865359
91.9476259619844 424519.111136534 320799.526064033 5054681.36279943
92.122259160107 423501.054637206 317175.572827574 5059323.37253521
92.2981708336954 422489.602619759 313564.065538804 5063946.33184143
92.4753809791069 421484.733999036 309965.092241717 5068550.17375924
92.6539100482515 420486.428038482 306378.741587628 5073134.83037388
92.8337789625063 419494.664351562 302805.102850704 5077700.23279773
93.0150091271638 418509.422903274 299244.265943795 5082246.31115292
93.1976224464403 417530.684011732 295696.321434571 5086772.99455369
93.3816413390692 416558.428349836 292161.360561984 5091280.21108817
93.5670887545063 415592.636947022 288639.475253068 5095767.8877999
93.7539881897776 414633.291191112 285130.758140092 5100235.95066879
93.9423637069984 413680.372830248 281635.302578077 5104684.32459167
94.1322399515969 412733.863974927 278153.202662691 5109112.93336238
94.3236421712762 411793.747100132 274684.553248554 5113521.69965131
94.5165962357511 410860.005047573 271229.449967943 5117910.54498448
94.7111286572959 409932.62102803 267787.989249938 5122279.38972203
94.9072666121468 409011.578623811 264360.268340013 5126628.15303617
95.1050379627973 408096.861791326 260946.385320099 5130956.75288857
95.3044712812358 407188.45486378 257546.43912913 5135265.10600708
95.50559587317 406286.342553994 254160.529584107 5139553.12786189
95.70844180329 405390.509957351 250788.757401675 5143820.73264097
95.9130399216241 404500.942554883 247431.224220271 5148067.83322484
96.1194218910429 403617.626216495 244088.032622832 5152294.34116067
96.3276202159733 402740.547204331 240759.286160108 5156500.16663556
96.5376682723856 401869.692176299 237445.089374603 5160685.21844909
96.7496003391221 401005.048189746 234145.547825158 5164849.40398509
96.9634516306393 400146.602705298 230860.768112219 5168992.62918248
97.1792583312411 399294.343590873 227590.857903808 5173114.79850531
97.3970576308833 398448.259125864 224335.925962238 5177215.81491189
97.6168877626388 397608.338005509 221096.082171588 5181295.5798229
97.8387880419138 396774.569345454 217871.437565987 5185353.99308855
98.0627989075151 395946.942686508 214662.104358734 5189390.95295475
98.2889619646737 395125.447999609 211468.195972287 5193406.3560281
98.5173200301361 394310.075691003 208289.82706917 5197400.09723982
98.747917179445 393500.816607648 205127.113583828 5201372.06980852
98.9807987965349 392697.662042849 201980.172755476 5205322.16520167
99.2160116257818 391900.603742138 198849.123161992 5209250.27309586
99.453603826652 391109.633909403 195734.084754884 5213156.28133571
99.6936250311069 390324.745213288 192635.178895401 5217040.0758913
99.9361264039316 389545.930793862 189552.528391828 5220901.5408143
100 389343.123125026 188748.530101395 5221908.34677357
