0.01 5798998.74995541 1000.4165377305 0.833506854645594
0.140628181127952 5798982.37304975 1005.87360582498 11.7533444204904
0.791528731570768 5798899.43852064 1033.50835627096 67.0531230854413
2.56509744747365 5798661.90234269 1112.65389936017 225.44375795167
5.86113988955141 5798172.15866137 1275.81354480941 552.027793821313
10.6277584660007 5797336.895728 1554.02247674312 1109.08179525647
16.4289828337198 5796074.68537982 1974.29092237433 1951.02369780925
22.6731357134803 5794335.07034412 2553.22299224243 3111.70666363246
28.4014328407078 5792291.65052631 3232.81613147646 4475.53334221418
33.1539102559976 5790184.92868756 3932.95479593791 5882.11651650677
37.4373615800703 5787896.42963865 4692.92413731956 7410.64622403206
41.2562055292006 5785484.63457292 5493.18226368319 9022.1831634012
44.6731550936047 5782979.42064272 6323.72458319932 10696.8547740792
47.7569273488251 5780394.73047312 7179.85319355834 12425.416333321
50.5664174714104 5777736.77200949 8059.44281880791 14203.7851717045
53.2808013708553 5774861.1233154 9010.15148676816 16128.7251978275
55.7157252720747 5771994.59801374 9956.88710303507 18048.5148832244
58.063008032368 5768947.9032987 10962.0829269557 20090.0137743432
60.185593957892 5765929.86440291 11956.7585838009 22113.37701329
62.2387797308767 5762751.85915266 13003.0107815264 24245.1300658137
64.2075121564708 5759445.49987437 14090.2710594775 26464.2290661468
66.0864042144971 5756034.41741319 15210.6325396009 28754.9500472128
67.8759318479947 5752535.7284523 16358.3568885434 31105.9146591568
69.5798385364397 5748961.51906173 17529.377629044 33509.1033092234
71.2034726127471 5745320.14829375 18720.8647958021 35958.986910449
72.7527785560679 5741617.30193837 19930.8737553716 38451.8243062617
74.2337189704544 5737856.79807308 21158.0772431257 40985.124683789
75.6519672856465 5734041.17868616 22401.5689070136 43557.2524068234
77.0127639184294 5730172.1311794 23660.7235813892 46167.1452392132
78.3208671224978 5726250.78144813 24935.1002984719 48814.1182533999
79.5805559183514 5722277.89349237 26224.3763464919 51497.7301611382
80.7956594904631 5718254.00283247 27528.3032753642 54217.6938921647
81.9695981314184 5714179.50405115 28846.6780844624 56973.817864382
83.1054273711219 5710054.70712372 30179.3247209059 59765.9681553746
84.2058808599371 5705879.87286243 31526.0824637623 62594.0446738092
85.2734098733467 5701655.23460924 32886.7988324977 65457.9665582642
86.3102186098768 5697381.01102609 34261.3254173758 68357.663556538
87.3182951629788 5693057.41323072 35649.5155606756 71293.0712086002
88.2994384072795 5688684.64842277 37051.2231829004 74264.1283943289
89.2552811994229 5684262.92139549 38466.30229574 77270.7763087684
90.1873103429638 5679792.43482672 39894.6069091585 80312.9582641187
91.0968837580092 5675273.3889101 41335.991149349 83390.6199405461
91.9852452598459 5670705.98067077 42790.3094755781 86503.7098536501
92.8535373036178 5666090.40316984 44257.4169297445 89652.1799004155
93.7028120033382 5661426.84471344 45737.1693814307 92835.9859051322
94.5340406876865 5656715.48812693 47229.4237491577 96055.088123912
95.3481222141237 5651956.51012164 48734.038189379 99309.4516889855
96.1458902274212 5647150.08076175 50250.872251049 102599.046987204
96.9281195185749 5642296.36302838 51779.7869970648 105923.84997455
97.6955316147746 5637395.51247215 53320.6450956181 109283.842432235
98.4487997099913 5632447.67694324 54873.3108851873 112679.012171569
99.1885530282151 5627452.99638785 56437.6504170118 116109.35319514
99.9153806968371 5622411.60269979 58013.5314786814 119574.865821524
100 5621815.83745411 58199.5530687407 119984.609477146
