0  0  0 1 0.826993343132688 0 0 
0.0634665182543393  0.0634239196565645  0.0539804909835864 0.997986676471884 0.87255771465515 0.00201332352811556 0.00169768247151369 
0.126933036508679  0.126592453573749  0.110563612782453 0.991954812830795 0.90900921187312 0.00804518716920466 0.00690696760482505 
0.190399554763018  0.18925124436041  0.169171002993204 0.981928697262707 0.936347834786597 0.0180713027372933 0.015774681992065 
0.253866073017357  0.251147987181079  0.229224299212443 0.967948701396356 0.954573583395582 0.0320512986036438 0.0284109455773317 
0.317332591271696  0.312033445698487  0.290145139036777 0.950071117740945 0.963686457700074 0.0499288822590546 0.0448891716566907 
0.380799109526036  0.371662455660328  0.351355160062808 0.928367933016073 0.963686457700075 0.0716320669839274 0.0652460668781746 
0.444265627780375  0.429794912089172  0.412275999887141 0.902926538286621 0.954573583395582 0.0970734617133788 0.0894816312417835 
0.507732146034714  0.486196736100469  0.472329296106381 0.873849377069785 0.936347834786597 0.126150622930215 0.117559158099485 
0.571198664289053  0.540640817455598  0.530936686317131 0.841253532831181 0.90900921187312 0.158746467168819 0.149405234155213 
0.634665182543393  0.59290792905464  0.587519808115998 0.805270257531059 0.87255771465515 0.194729742468941 0.184909739464869 
0.698131700797732  0.642787609686539  0.641500299099584 0.766044443118978 0.826993343132688 0.233955556881022 0.223925847436323 
0.761598219052071  0.690079011482112  0.692299796864495 0.72373403810507 0.772316097305733 0.27626596189493 0.266270024829411 
0.82506473730641  0.734591708657533  0.739339939007334 0.678509411557132 0.708525977174286 0.321490588442868 0.311722031755937 
0.88853125556075  0.776146464291757  0.782042363124707 0.630552667084523 0.635622982738347 0.369447332915477 0.360024921679672 
0.951997773815089  0.814575952050336  0.819828706813218 0.580056909571198 0.553607113997915 0.419943090428802 0.410885041416353 
1.01546429206943  0.849725429949514  0.85212060766947 0.527225467610502 0.46247837095299 0.472774532389498 0.463972031133686 
1.07893081032377  0.881453363447582  0.879134951594738 0.472271074772683 0.412357562278283 0.527728925227317 0.518927236291519 
1.14239732857811  0.909631995354518  0.905064866013639 0.415415013001886 0.40324468797379 0.584584986998114 0.57554877032567 
1.20586384683245  0.934147860265107  0.930127236827447 0.356886221591872 0.385018939364805 0.643113778408128 0.633791514647934 
1.26933036508679  0.954902241444074  0.953743701632766 0.296920375328275 0.357680316451328 0.703079624671725 0.693582055962244 
1.33279688334112  0.971811568323542  0.975335898026201 0.235758935509427 0.321228819233358 0.764241064490573 0.754810274324503 
1.39626340159546  0.984807753012208  0.994325463604356 0.17364817766693 0.275664447710896 0.82635182233307 0.81732934314258 
1.4597299198498  0.993838464461254  1.01013403596383 0.110838199901011 0.220987201883941 0.889161800098989 0.88095572917631 
1.52319643810414  0.998867339183008  1.02218325270124 0.0475819158237422 0.157197081752494 0.952418084176258 0.945469192537498 
1.58666295635848  0.999874127673875  1.02989475141318 -0.015865963834808 0.0842940873165546 1.01586596383481 1.01061278668991 
1.65012947461282  0.996854775951942  1.03269016969626 -0.0792499568567885 0.00227821857612276 1.07924995685679 1.0760928584493 
1.71359599286716  0.989821441880933  1.02999114514708 -0.142314838273285 -0.0888505244688015 1.14231483827329 1.14157904798335 
1.7770625111215  0.978802446214779  1.02121931536225 -0.204806668065191 -0.189092141818218 1.20480666806519 1.20670428881175 
1.84052902937584  0.963842158559942  1.00579631793837 -0.266473813690035 -0.298446633472127 1.26647381369004 1.27106480780614 
1.90399554763018  0.945000818714668  0.983143790472041 -0.327067963317422 -0.416913999430529 1.32706796331742 1.33422012519012 
1.96746206588452  0.922354294104581  0.952683370559874 -0.386345125693129 -0.544494239693423 1.38634512569313 1.39569305453926 
2.03092858413886  0.895993774291336  0.913836695798472 -0.444066612605774 -0.681187354260809 1.44406661260577 1.45496970278111 
2.0943951023932  0.866025403784438  0.866025403784438 -0.5 -0.826993343132688 1.5 1.51149947019518 
2.15786162064753  0.832569854634771  0.813539015676291 -0.55392006386611 -0.826993343132688 1.55392006386611 1.5647975231387 
2.22132813890187  0.795761840530832  0.761052627568143 -0.605609687137667 -0.826993343132688 1.60560968713767 1.61476444777325 
2.28479465715621  0.755749574354258  0.708566239459995 -0.654860733945285 -0.826993343132688 1.65486073394529 1.66140024409884 
2.34826117541055  0.712694171378863  0.656079851351847 -0.701474887706321 -0.826993343132688 1.70147488770632 1.70470491211545 
2.41172769366489  0.666769000516292  0.6035934632437 -0.745264449675755 -0.826993343132688 1.74526444967575 1.74467845182309 
2.47519421191923  0.618158986220605  0.551107075135552 -0.786053094742788 -0.826993343132688 1.78605309474279 1.78132086322176 
2.53866073017357  0.567059863862771  0.498620687027404 -0.823676581429833 -0.826993343132688 1.82367658142983 1.81463214631146 
2.60212724842791  0.513677391573406  0.446134298919256 -0.857983413234977 -0.826993343132688 1.85798341323498 1.84461230109219 
2.66559376668225  0.458226521727411  0.393647910811109 -0.888835448654923 -0.826993343132688 1.88883544865492 1.87126132756395 
2.72906028493659  0.400930535406614  0.341161522702961 -0.91610845743207 -0.826993343132688 1.91610845743207 1.89457922572674 
2.79252680319093  0.342020143325669  0.288675134594813 -0.939692620785908 -0.826993343132688 1.93969262078591 1.91456599558056 
2.85599332144527  0.28173255684143  0.236188746486665 -0.959492973614497 -0.826993343132688 1.9594929736145 1.93122163712541 
2.91945983969961  0.220310532786541  0.183702358378517 -0.975429786885407 -0.826993343132688 1.97542978688541 1.94454615036129 
2.98292635795395  0.15800139597335  0.131215970270369 -0.987438888676394 -0.826993343132688 1.98743888867639 1.9545395352882 
3.04639287620828  0.0950560433041824  0.0787295821622214 -0.995471922573085 -0.826993343132688 1.99547192257308 1.96120179190614 
3.10985939446262  0.0317279334980677  0.0262431940540738 -0.999496542383185 -0.826993343132688 1.99949654238319 1.96453292021511 
3.17332591271696  -0.0317279334980679  -0.026243194054074 -0.999496542383185 -0.826993343132688 1.99949654238319 1.96453292021511 
3.2367924309713  -0.0950560433041826  -0.0787295821622216 -0.995471922573085 -0.826993343132688 1.99547192257308 1.96120179190614 
3.30025894922564  -0.15800139597335  -0.13121597027037 -0.987438888676394 -0.826993343132688 1.98743888867639 1.9545395352882 
3.36372546747998  -0.220310532786541  -0.183702358378517 -0.975429786885407 -0.826993343132688 1.97542978688541 1.94454615036129 
3.42719198573432  -0.28173255684143  -0.236188746486665 -0.959492973614497 -0.826993343132688 1.9594929736145 1.93122163712541 
3.49065850398866  -0.342020143325669  -0.288675134594813 -0.939692620785908 -0.826993343132688 1.93969262078591 1.91456599558056 
3.554125022243  -0.400930535406614  -0.341161522702961 -0.91610845743207 -0.826993343132688 1.91610845743207 1.89457922572674 
3.61759154049734  -0.45822652172741  -0.393647910811108 -0.888835448654923 -0.826993343132688 1.88883544865492 1.87126132756395 
3.68105805875168  -0.513677391573406  -0.446134298919256 -0.857983413234977 -0.826993343132688 1.85798341323498 1.84461230109219 
3.74452457700602  -0.567059863862771  -0.498620687027404 -0.823676581429833 -0.826993343132688 1.82367658142983 1.81463214631146 
3.80799109526036  -0.618158986220605  -0.551107075135552 -0.786053094742787 -0.826993343132688 1.78605309474279 1.78132086322176 
3.87145761351469  -0.666769000516292  -0.6035934632437 -0.745264449675755 -0.826993343132688 1.74526444967575 1.74467845182309 
3.93492413176903  -0.712694171378863  -0.656079851351848 -0.701474887706321 -0.826993343132688 1.70147488770632 1.70470491211545 
3.99839065002337  -0.755749574354258  -0.708566239459995 -0.654860733945285 -0.826993343132688 1.65486073394529 1.66140024409884 
4.06185716827771  -0.795761840530832  -0.761052627568143 -0.605609687137667 -0.826993343132688 1.60560968713767 1.61476444777325 
4.12532368653205  -0.832569854634771  -0.813539015676291 -0.55392006386611 -0.826993343132688 1.55392006386611 1.5647975231387 
4.18879020478639  -0.866025403784439  -0.866025403784439 -0.5 -0.826993343132686 1.5 1.51149947019518 
4.25225672304073  -0.895993774291336  -0.913836695798472 -0.444066612605774 -0.681187354260808 1.44406661260577 1.45496970278111 
4.31572324129507  -0.922354294104581  -0.952683370559875 -0.386345125693129 -0.544494239693422 1.38634512569313 1.39569305453926 
4.37918975954941  -0.945000818714668  -0.983143790472041 -0.327067963317422 -0.416913999430529 1.32706796331742 1.33422012519012 
4.44265627780375  -0.963842158559942  -1.00579631793837 -0.266473813690035 -0.298446633472126 1.26647381369003 1.27106480780614 
4.50612279605809  -0.978802446214779  -1.02121931536225 -0.204806668065191 -0.189092141818217 1.20480666806519 1.20670428881175 
4.56958931431243  -0.989821441880933  -1.02999114514708 -0.142314838273285 -0.0888505244688012 1.14231483827329 1.14157904798335 
4.63305583256677  -0.996854775951942  -1.03269016969626 -0.0792499568567888 0.00227821857612262 1.07924995685679 1.0760928584493 
4.69652235082111  -0.999874127673875  -1.02989475141318 -0.0158659638348076 0.0842940873165552 1.01586596383481 1.01061278668991 
4.75998886907544  -0.998867339183008  -1.02218325270124 0.0475819158237424 0.157197081752494 0.952418084176258 0.945469192537498 
4.82345538732978  -0.993838464461254  -1.01013403596383 0.110838199901011 0.220987201883941 0.889161800098989 0.88095572917631 
4.88692190558412  -0.984807753012208  -0.994325463604355 0.17364817766693 0.275664447710895 0.82635182233307 0.81732934314258 
4.95038842383846  -0.971811568323542  -0.975335898026201 0.235758935509427 0.321228819233358 0.764241064490573 0.754810274324503 
5.0138549420928  -0.954902241444074  -0.953743701632766 0.296920375328275 0.357680316451327 0.703079624671725 0.693582055962244 
5.07732146034714  -0.934147860265107  -0.930127236827448 0.356886221591872 0.385018939364805 0.643113778408128 0.633791514647934 
5.14078797860148  -0.909631995354518  -0.905064866013639 0.415415013001887 0.40324468797379 0.584584986998113 0.57554877032567 
5.20425449685582  -0.881453363447582  -0.879134951594738 0.472271074772683 0.412357562278282 0.527728925227317 0.518927236291518 
5.26772101511016  -0.849725429949514  -0.85212060766947 0.527225467610502 0.462478370952992 0.472774532389498 0.463972031133686 
5.3311875333645  -0.814575952050336  -0.819828706813218 0.580056909571198 0.553607113997915 0.419943090428802 0.410885041416353 
5.39465405161884  -0.776146464291757  -0.782042363124707 0.630552667084523 0.635622982738348 0.369447332915477 0.360024921679671 
5.45812056987318  -0.734591708657533  -0.739339939007334 0.678509411557132 0.708525977174287 0.321490588442868 0.311722031755937 
5.52158708812752  -0.690079011482112  -0.692299796864495 0.72373403810507 0.772316097305734 0.27626596189493 0.266270024829411 
5.58505360638185  -0.64278760968654  -0.641500299099584 0.766044443118978 0.826993343132688 0.233955556881022 0.223925847436323 
5.64852012463619  -0.59290792905464  -0.587519808115997 0.805270257531059 0.872557714655151 0.194729742468941 0.184909739464869 
5.71198664289053  -0.540640817455597  -0.530936686317131 0.841253532831181 0.90900921187312 0.158746467168819 0.149405234155212 
5.77545316114487  -0.486196736100469  -0.472329296106381 0.873849377069785 0.936347834786597 0.126150622930215 0.117559158099484 
5.83891967939921  -0.429794912089172  -0.412275999887141 0.902926538286621 0.954573583395582 0.0970734617133789 0.0894816312417835 
5.90238619765355  -0.371662455660327  -0.351355160062807 0.928367933016073 0.963686457700074 0.0716320669839273 0.0652460668781743 
5.96585271590789  -0.312033445698487  -0.290145139036776 0.950071117740945 0.963686457700074 0.0499288822590546 0.0448891716566905 
6.02931923416223  -0.251147987181079  -0.229224299212444 0.967948701396356 0.954573583395582 0.0320512986036438 0.0284109455773316 
6.09278575241657  -0.18925124436041  -0.169171002993203 0.981928697262707 0.936347834786597 0.0180713027372932 0.0157746819920647 
6.15625227067091  -0.126592453573749  -0.110563612782453 0.991954812830795 0.909009211873119 0.00804518716920466 0.00690696760482476 
6.21971878892525  -0.0634239196565645  -0.0539804909835863 0.997986676471884 0.87255771465515 0.00201332352811556 0.00169768247151351 
6.28318530717959  -2.44921270764475E-16  -2.22044604925031E-16 1 0.826993343132688 0 -2.22044604925031E-16 
