0 0 0 1 0.900316316157106 0 0
0.0634665182543393 0.0634239196565645 0.0571399419140644 0.997986676471884 0.900316316157106 0.00201332352811556 0.00181323658327043
0.126933036508679 0.126592453573749 0.114279883828129 0.991954812830795 0.900316316157106 0.00804518716920466 0.00725294633308171
0.190399554763018 0.18925124436041 0.171419825742193 0.981928697262707 0.900316316157106 0.0180713027372933 0.0163191292494339
0.253866073017357 0.251147987181079 0.228559767656258 0.967948701396356 0.900316316157106 0.0320512986036438 0.0290117853323269
0.317332591271696 0.312033445698487 0.285699709570322 0.950071117740945 0.900316316157106 0.0499288822590546 0.0453309145817607
0.380799109526036 0.371662455660328 0.342839651484387 0.928367933016073 0.900316316157106 0.0716320669839274 0.0652765169977354
0.444265627780375 0.429794912089172 0.399979593398451 0.902926538286621 0.900316316157106 0.0970734617133788 0.088848592580251
0.507732146034714 0.486196736100469 0.457119535312516 0.873849377069785 0.900316316157106 0.126150622930215 0.116047141329307
0.571198664289053 0.540640817455598 0.51425947722658 0.841253532831181 0.900316316157106 0.158746467168819 0.146872163244905
0.634665182543393 0.59290792905464 0.571399419140644 0.805270257531059 0.900316316157106 0.194729742468941 0.181323658327043
0.698131700797732 0.642787609686539 0.628539361054709 0.766044443118978 0.900316316157106 0.233955556881022 0.219401626575722
0.761598219052071 0.690079011482112 0.685679302968773 0.72373403810507 0.900316316157106 0.27626596189493 0.261106067990942
0.82506473730641 0.734591708657533 0.741762685444074 0.678509411557132 0.847044287108717 0.321490588442868 0.30642301254168
0.88853125556075 0.776146464291757 0.792816844990857 0.630552667084523 0.761809040631295 0.369447332915477 0.355148833055756
0.951997773815089 0.814575952050336 0.838461420211167 0.580056909571198 0.676573794153873 0.419943090428802 0.406943219577465
1.01546429206943 0.849725429949514 0.878696411105005 0.527225467610502 0.591338547676451 0.472774532389498 0.461462844624403
1.07893081032377 0.881453363447582 0.913521817672371 0.472271074772683 0.506103301199029 0.527728925227317 0.518364380714167
1.14239732857811 0.909631995354518 0.942937639913264 0.415415013001886 0.420868054721607 0.584584986998114 0.57730450036435
1.20586384683245 0.934147860265107 0.966943877827685 0.356886221591872 0.335632808244185 0.643113778408128 0.637939876092549
1.26933036508679 0.954902241444074 0.985540531415634 0.296920375328275 0.250397561766762 0.703079624671725 0.69992718041636
1.33279688334112 0.971811568323542 0.99872760067711 0.235758935509427 0.16516231528934 0.764241064490573 0.762923085853377
1.39626340159546 0.984807753012208 1.00650508561211 0.17364817766693 0.0799270688119182 0.82635182233307 0.826584264921198
1.4597299198498 0.993838464461254 1.00887298622064 0.110838199901011 -0.00530817766550384 0.889161800098989 0.890567390137416
1.52319643810414 0.998867339183008 1.0058313025027 0.0475819158237422 -0.0905434241429263 0.952418084176258 0.954529134019627
1.58666295635848 0.999874127673875 0.997479061368654 -0.015865963834808 -0.163296257771783 1.01586596383481 1.01812669282653
1.65012947461282 0.996854775951942 0.985994854846503 -0.0792499568567885 -0.198601852854945 1.07924995685679 1.08108063549006
1.71359599286716 0.989821441880933 0.972269925129526 -0.142314838273285 -0.233907447938107 1.14231483827329 1.14323461010095
1.7770625111215 0.978802446214779 0.956304272217723 -0.204806668065191 -0.269213043021269 1.20480666806519 1.20444640575964
1.84052902937584 0.963842158559942 0.938097896111095 -0.266473813690035 -0.304518638104431 1.26647381369004 1.26457381156658
1.90399554763018 0.945000818714668 0.91765079680964 -0.327067963317422 -0.339824233187592 1.32706796331742 1.32347461662224
1.96746206588452 0.922354294104581 0.89496297431336 -0.386345125693129 -0.375129828270754 1.38634512569313 1.38100661002706
2.03092858413886 0.895993774291336 0.870034428622254 -0.444066612605774 -0.410435423353916 1.44406661260577 1.43702758088149
2.0943951023932 0.866025403784438 0.842865159736323 -0.5 -0.445741018437078 1.5 1.49139531828599
2.15786162064753 0.832569854634771 0.813455167655565 -0.55392006386611 -0.48104661352024 1.55392006386611 1.54396761134101
2.22132813890187 0.795761840530832 0.781804452379982 -0.605609687137667 -0.516352208603402 1.60560968713767 1.594602249147
2.28479465715621 0.755749574354258 0.747913013909573 -0.654860733945285 -0.551657803686563 1.65486073394529 1.64315702080442
2.34826117541055 0.712694171378863 0.711780852244338 -0.701474887706321 -0.586963398769725 1.70147488770632 1.68948971541372
2.41172769366489 0.666769000516292 0.673052664580338 -0.745264449675755 -0.635065043125098 1.74526444967575 1.73345154504105
2.47519421191923 0.618158986220605 0.631162866862323 -0.786053094742788 -0.684994694519359 1.78605309474279 1.77485531417324
2.53866073017357 0.567059863862771 0.586104208012661 -0.823676581429833 -0.734924345913619 1.82367658142983 1.81349992540245
2.60212724842791 0.513677391573406 0.537876688031353 -0.857983413234977 -0.784853997307879 1.85798341323498 1.84918426214584
2.66559376668225 0.458226521727411 0.486480306918398 -0.888835448654923 -0.834783648702139 1.88883544865492 1.88170720782055
2.72906028493659 0.400930535406614 0.431915064673796 -0.91610845743207 -0.8847133000964 1.91610845743207 1.91086764584372
2.79252680319093 0.342020143325669 0.374180961297548 -0.939692620785908 -0.93464295149066 1.93969262078591 1.93646445963249
2.85599332144527 0.28173255684143 0.313277996789653 -0.959492973614497 -0.98457260288492 1.9594929736145 1.958296532604
2.91945983969961 0.220310532786541 0.249206171150112 -0.975429786885407 -1.03450225427918 1.97542978688541 1.9761627481754
2.98292635795395 0.15800139597335 0.181965484378924 -0.987438888676394 -1.08443190567344 1.98743888867639 1.98986198976383
3.04639287620828 0.0950560433041824 0.111555936476089 -0.995471922573085 -1.1343615570677 1.99547192257308 1.99919314078644
3.10985939446262 0.0317279334980677 0.0379775274416081 -0.999496542383185 -1.18429120846196 1.99949654238319 2.00395508466036
3.17332591271696 -0.0317279334980679 -0.0379775274416084 -0.999496542383185 -1.18429120846196 1.99949654238319 2.00395508466036
3.2367924309713 -0.0950560433041826 -0.111555936476089 -0.995471922573085 -1.1343615570677 1.99547192257308 1.99919314078644
3.30025894922564 -0.15800139597335 -0.181965484378924 -0.987438888676394 -1.08443190567344 1.98743888867639 1.98986198976383
3.36372546747998 -0.220310532786541 -0.249206171150112 -0.975429786885407 -1.03450225427918 1.97542978688541 1.9761627481754
3.42719198573432 -0.28173255684143 -0.313277996789654 -0.959492973614497 -0.98457260288492 1.9594929736145 1.958296532604
3.49065850398866 -0.342020143325669 -0.374180961297548 -0.939692620785908 -0.93464295149066 1.93969262078591 1.93646445963249
3.554125022243 -0.400930535406614 -0.431915064673797 -0.91610845743207 -0.8847133000964 1.91610845743207 1.91086764584372
3.61759154049734 -0.45822652172741 -0.486480306918398 -0.888835448654923 -0.83478364870214 1.88883544865492 1.88170720782055
3.68105805875168 -0.513677391573406 -0.537876688031353 -0.857983413234977 -0.784853997307879 1.85798341323498 1.84918426214584
3.74452457700602 -0.567059863862771 -0.586104208012661 -0.823676581429833 -0.734924345913619 1.82367658142983 1.81349992540245
3.80799109526036 -0.618158986220605 -0.631162866862323 -0.786053094742787 -0.684994694519359 1.78605309474279 1.77485531417324
3.87145761351469 -0.666769000516292 -0.673052664580338 -0.745264449675755 -0.635065043125098 1.74526444967575 1.73345154504105
3.93492413176903 -0.712694171378863 -0.711780852244338 -0.701474887706321 -0.586963398769725 1.70147488770632 1.68948971541372
3.99839065002337 -0.755749574354258 -0.747913013909573 -0.654860733945285 -0.551657803686563 1.65486073394529 1.64315702080442
4.06185716827771 -0.795761840530832 -0.781804452379982 -0.605609687137667 -0.516352208603402 1.60560968713767 1.594602249147
4.12532368653205 -0.832569854634771 -0.813455167655565 -0.55392006386611 -0.48104661352024 1.55392006386611 1.54396761134101
4.18879020478639 -0.866025403784439 -0.842865159736323 -0.5 -0.445741018437078 1.5 1.49139531828599
4.25225672304073 -0.895993774291336 -0.870034428622255 -0.444066612605774 -0.410435423353916 1.44406661260577 1.43702758088149
4.31572324129507 -0.922354294104581 -0.89496297431336 -0.386345125693129 -0.375129828270754 1.38634512569313 1.38100661002706
4.37918975954941 -0.945000818714668 -0.91765079680964 -0.327067963317422 -0.339824233187593 1.32706796331742 1.32347461662224
4.44265627780375 -0.963842158559942 -0.938097896111095 -0.266473813690035 -0.30451863810443 1.26647381369003 1.26457381156658
4.50612279605809 -0.978802446214779 -0.956304272217723 -0.204806668065191 -0.269213043021269 1.20480666806519 1.20444640575964
4.56958931431243 -0.989821441880933 -0.972269925129526 -0.142314838273285 -0.233907447938107 1.14231483827329 1.14323461010095
4.63305583256677 -0.996854775951942 -0.985994854846503 -0.0792499568567888 -0.198601852854945 1.07924995685679 1.08108063549006
4.69652235082111 -0.999874127673875 -0.997479061368654 -0.0158659638348076 -0.163296257771783 1.01586596383481 1.01812669282653
4.75998886907544 -0.998867339183008 -1.0058313025027 0.0475819158237424 -0.090543424142926 0.952418084176258 0.954529134019627
4.82345538732978 -0.993838464461254 -1.00887298622064 0.110838199901011 -0.00530817766550418 0.889161800098989 0.890567390137416
4.88692190558412 -0.984807753012208 -1.00650508561211 0.17364817766693 0.0799270688119176 0.82635182233307 0.826584264921198
4.95038842383846 -0.971811568323542 -0.99872760067711 0.235758935509427 0.165162315289341 0.764241064490573 0.762923085853377
5.0138549420928 -0.954902241444074 -0.985540531415634 0.296920375328275 0.250397561766762 0.703079624671725 0.69992718041636
5.07732146034714 -0.934147860265107 -0.966943877827685 0.356886221591872 0.335632808244184 0.643113778408128 0.63793987609255
5.14078797860148 -0.909631995354518 -0.942937639913264 0.415415013001887 0.420868054721607 0.584584986998113 0.57730450036435
5.20425449685582 -0.881453363447582 -0.913521817672371 0.472271074772683 0.506103301199029 0.527728925227317 0.518364380714166
5.26772101511016 -0.849725429949514 -0.878696411105005 0.527225467610502 0.591338547676451 0.472774532389498 0.461462844624404
5.3311875333645 -0.814575952050336 -0.838461420211167 0.580056909571198 0.676573794153873 0.419943090428802 0.406943219577465
5.39465405161884 -0.776146464291757 -0.792816844990856 0.630552667084523 0.761809040631296 0.369447332915477 0.355148833055756
5.45812056987318 -0.734591708657533 -0.741762685444074 0.678509411557132 0.847044287108717 0.321490588442868 0.30642301254168
5.52158708812752 -0.690079011482112 -0.685679302968773 0.72373403810507 0.900316316157106 0.27626596189493 0.261106067990942
5.58505360638185 -0.64278760968654 -0.628539361054709 0.766044443118978 0.900316316157106 0.233955556881022 0.219401626575722
5.64852012463619 -0.59290792905464 -0.571399419140644 0.805270257531059 0.900316316157106 0.194729742468941 0.181323658327043
5.71198664289053 -0.540640817455597 -0.51425947722658 0.841253532831181 0.900316316157106 0.158746467168819 0.146872163244905
5.77545316114487 -0.486196736100469 -0.457119535312516 0.873849377069785 0.900316316157106 0.126150622930215 0.116047141329308
5.83891967939921 -0.429794912089172 -0.399979593398451 0.902926538286621 0.900316316157106 0.0970734617133789 0.0888485925802513
5.90238619765355 -0.371662455660327 -0.342839651484386 0.928367933016073 0.900316316157106 0.0716320669839273 0.0652765169977355
5.96585271590789 -0.312033445698487 -0.285699709570322 0.950071117740945 0.900316316157106 0.0499288822590546 0.0453309145817608
6.02931923416223 -0.251147987181079 -0.228559767656258 0.967948701396356 0.900316316157106 0.0320512986036438 0.0290117853323271
6.09278575241657 -0.18925124436041 -0.171419825742193 0.981928697262707 0.900316316157106 0.0180713027372932 0.016319129249434
6.15625227067091 -0.126592453573749 -0.114279883828129 0.991954812830795 0.900316316157106 0.00804518716920466 0.00725294633308185
6.21971878892525 -0.0634239196565645 -0.0571399419140644 0.997986676471884 0.900316316157106 0.00201332352811556 0.00181323658327055
6.28318530717959 -2.44921270764475E-16 -1.58673482487115E-16 1 0.900316316157106 0 2.12189545568903E-16
